frameHead left bk
11 14 49 804
0 1 1 0 0 0 0
4082 13 0
0 4.21 0.00 -53.04 0.00 18.52
1 4.47 0.00 -52.36 0.00 23.29
2 12.88 0.00 41.33 0.00 22.26
3 13.22 0.00 41.33 0.00 27.29
4 13.37 0.00 39.96 0.00 25.85
5 14.86 0.00 48.57 0.00 17.91
6 15.09 0.00 51.32 0.00 20.59
7 17.09 0.00 7.58 0.00 17.24
8 17.33 0.00 6.20 0.00 19.75
9 17.55 0.00 5.86 0.00 21.49
10 19.87 0.00 39.27 0.00 20.60
11 20.06 0.00 40.30 0.00 18.55
12 20.30 0.00 40.99 0.00 12.82
frameEnd
frameHead left ak
4082 18 0
0 12.99 0.00 40.95 0.00 22.26
1 4.39 0.00 -52.31 0.00 18.52
2 4.71 0.00 -52.05 0.00 23.29
3 14.03 -0.01 19.37 0.00 20.95
4 17.50 0.01 4.65 0.00 20.98
5 20.04 -0.04 39.29 0.00 20.60
6 14.48 0.01 21.57 0.00 11.91
7 14.86 0.00 48.57 0.00 17.91
8 16.24 -0.05 17.35 0.00 16.11
9 17.25 0.01 6.47 0.00 19.75
10 15.09 0.00 51.32 0.00 20.59
11 13.34 -0.01 40.52 0.00 25.85
12 20.03 -0.02 38.73 0.00 18.55
13 13.19 -0.01 41.66 0.00 27.29
14 20.03 0.06 40.78 0.00 12.82
15 17.37 0.04 5.13 0.00 21.49
16 16.48 0.00 21.49 0.00 11.02
17 17.18 -0.02 7.21 0.00 17.24
frameEnd
frameHead left bk
11 14 49 845
0 1 1 0 0 0 0
4083 13 0
0 4.47 0.00 -52.36 0.00 23.57
1 4.70 0.00 -52.36 0.00 19.91
2 4.95 0.00 -48.57 0.00 8.20
3 12.88 0.00 40.99 0.00 22.19
4 13.20 0.00 41.33 0.00 27.38
5 13.37 0.00 40.64 0.00 25.85
6 14.01 0.00 19.63 0.00 21.55
7 14.36 0.00 21.36 0.00 11.97
8 16.10 0.00 17.91 0.00 15.49
9 16.34 0.00 17.91 0.00 17.56
10 17.09 -0.01 6.54 0.00 17.31
11 17.33 0.00 6.20 0.00 19.38
12 17.53 0.00 6.20 0.00 20.71
frameEnd
frameHead left ak
4083 18 0
0 12.99 -0.01 40.94 0.00 22.19
1 4.40 0.00 -52.42 0.00 23.57
2 4.71 0.00 -52.25 0.00 19.91
3 14.03 -0.01 19.46 0.00 21.55
4 17.50 0.01 4.79 0.00 20.71
5 20.04 -0.04 39.29 0.00 20.60
6 14.47 0.01 21.59 0.00 11.97
7 4.95 0.00 -48.57 0.00 8.20
8 16.25 -0.04 17.47 0.00 17.56
9 17.24 0.00 6.48 0.00 17.31
10 16.10 0.00 17.91 0.00 15.49
11 13.34 -0.01 40.52 0.00 25.85
12 20.03 -0.02 38.70 0.00 18.55
13 13.19 -0.01 41.66 0.00 27.38
14 20.03 0.06 40.88 0.00 12.82
15 17.37 0.03 5.14 0.00 19.38
16 16.48 0.00 21.56 0.00 11.02
17 17.18 -0.02 7.16 0.00 17.24
frameEnd
frameHead left bk
11 14 49 915
0 1 1 0 0 0 0
4084 21 0
0 4.47 0.00 -51.67 0.00 23.36
1 4.70 0.00 -52.36 0.00 19.84
2 4.95 -0.01 -51.67 0.00 5.98
3 12.88 0.00 40.30 0.00 22.50
4 13.20 0.00 40.99 0.00 27.64
5 13.37 0.00 39.96 0.00 26.09
6 13.99 0.00 19.29 0.00 21.29
7 14.36 0.00 23.08 0.00 12.54
8 14.86 0.00 47.53 0.00 17.21
9 15.09 0.00 49.60 0.00 19.82
10 16.10 0.00 19.98 0.00 16.98
11 16.59 0.00 23.42 0.00 12.63
12 17.09 0.00 7.58 0.00 17.41
13 17.33 0.00 6.20 0.00 19.38
14 17.52 0.00 5.17 0.00 20.28
15 19.87 0.00 37.89 0.00 20.57
16 20.06 0.00 40.30 0.00 18.65
17 20.80 0.00 -62.00 0.00 6.23
18 21.05 0.00 -62.00 0.00 7.40
19 29.47 0.00 -23.77 0.00 11.36
20 29.71 0.01 -23.42 0.00 11.00
frameEnd
frameHead left ak
4084 24 0
0 13.00 0.00 40.95 0.00 27.64
1 4.41 0.00 -52.21 0.00 23.36
2 4.71 0.00 -52.38 0.00 19.84
3 14.02 -0.01 19.45 0.00 21.29
4 17.50 0.01 4.76 0.00 20.71
5 20.03 -0.04 39.28 0.00 20.60
6 14.47 0.00 21.74 0.00 12.54
7 4.96 -0.01 -51.62 0.00 5.98
8 16.25 -0.04 17.42 0.00 17.56
9 17.25 0.00 6.40 0.00 19.38
10 14.86 0.00 47.53 0.00 17.21
11 13.34 -0.01 40.50 0.00 26.09
12 20.02 -0.02 38.59 0.00 20.57
13 15.09 0.00 49.60 0.00 19.82
14 13.18 -0.01 41.62 0.00 22.50
15 20.03 0.05 40.81 0.00 18.65
16 16.59 0.00 23.42 0.00 12.63
17 17.38 0.04 5.08 0.00 20.28
18 20.80 0.00 -62.00 0.00 6.23
19 16.43 -0.03 20.90 0.00 16.98
20 17.18 -0.02 7.21 0.00 17.41
21 21.05 0.00 -62.00 0.00 7.40
22 29.47 0.00 -23.77 0.00 11.36
23 29.71 0.01 -23.42 0.00 11.00
frameEnd
frameHead right bk
11 14 49 920
0 1 1 0 0 0 0
3030 38 0
0 1.44 0.00 -19.29 0.00 34.80
1 1.73 0.00 -19.29 0.00 31.84
2 3.71 0.00 -1.72 0.00 13.45
3 3.96 0.00 -2.07 0.00 9.66
4 4.21 0.01 -1.72 0.00 10.22
5 5.20 0.00 -41.68 0.00 19.14
6 5.46 0.00 -41.68 0.00 21.07
7 5.70 0.00 -41.68 0.00 20.88
8 6.44 0.00 -36.17 0.00 7.37
9 6.62 0.00 -31.34 0.00 11.73
10 6.97 -5.75 28.59 0.00 11.25
11 6.96 -3.24 24.11 0.00 2.43
12 7.09 0.01 -29.97 0.00 1.81
13 7.31 -7.59 21.36 0.00 3.35
14 7.23 -6.79 22.73 0.00 7.16
15 7.11 -5.68 27.90 0.00 8.65
16 7.28 -3.47 22.73 0.00 2.70
17 7.19 -3.22 21.70 0.00 2.42
18 7.43 0.00 -27.90 0.00 14.89
19 7.38 -6.84 25.14 0.00 8.53
20 7.47 -5.60 27.56 0.00 2.27
21 7.45 -3.51 22.04 0.00 2.66
22 7.68 0.00 -27.56 0.00 21.37
23 8.42 0.00 -18.26 0.00 17.61
24 8.65 0.00 -15.84 0.00 17.18
25 8.73 -8.95 8.27 0.00 9.31
26 9.07 -13.41 7.92 0.00 5.91
27 9.06 -12.61 9.99 0.00 3.16
28 9.06 -11.74 5.86 0.00 1.70
29 9.01 -11.16 7.58 0.00 1.11
30 9.04 -9.68 7.23 0.00 1.27
31 8.93 -8.99 7.58 0.00 8.24
32 8.97 -3.36 9.99 0.00 0.86
33 9.25 -13.40 7.23 0.00 4.70
34 9.25 -12.58 10.68 0.00 1.43
35 9.12 -11.83 6.20 0.00 3.12
36 9.16 -10.56 11.71 0.00 3.16
37 9.22 -9.13 6.89 0.00 6.63
frameEnd
frameHead right ak
3030 50 0
0 3.75 0.00 -0.93 0.00 13.45
1 1.66 0.00 -19.08 0.00 31.84
2 5.38 0.00 -41.86 0.00 21.07
3 1.51 -0.01 -19.30 0.00 34.80
4 4.21 0.01 -1.73 0.00 10.22
5 11.74 0.05 -26.71 0.00 16.60
6 7.20 -3.21 21.46 0.00 2.42
7 5.65 0.01 -40.89 0.00 20.88
8 6.98 0.00 -30.27 0.00 1.81
9 5.23 -0.01 -42.26 0.00 19.14
10 9.24 -12.56 12.25 0.00 1.43
11 10.32 0.03 -31.81 0.00 13.22
12 10.43 0.13 -27.53 0.00 7.43
13 11.70 0.01 -26.56 0.00 8.21
14 7.68 0.00 -27.55 0.00 21.37
15 8.76 0.00 -15.26 0.00 17.18
16 12.54 0.00 -24.55 0.00 13.50
17 8.27 -9.95 11.89 0.00 3.12
18 10.13 0.08 -44.57 0.00 17.45
19 11.42 -0.07 -29.84 0.00 3.64
20 7.23 -6.78 22.49 0.00 7.16
21 6.43 0.03 -32.44 0.00 11.73
22 10.09 0.00 -36.04 0.00 13.68
23 7.52 -0.01 -27.89 0.00 14.89
24 9.07 -0.03 -19.03 0.00 17.61
25 16.39 -0.03 31.64 0.00 17.13
26 3.96 0.00 -2.07 0.00 9.66
27 6.44 0.00 -36.17 0.00 7.37
28 13.03 -0.12 -26.94 0.00 3.86
29 6.97 -5.75 28.59 0.00 11.25
30 16.54 -0.08 33.41 0.00 14.63
31 7.31 -7.59 21.30 0.00 3.35
32 7.46 -3.51 21.96 0.00 2.66
33 9.25 -13.39 6.63 0.00 4.70
34 9.07 -11.70 5.14 0.00 1.70
35 12.51 0.02 -29.93 0.00 7.89
36 6.96 -3.24 24.11 0.00 2.43
37 7.11 -5.68 27.90 0.00 8.65
38 7.28 -3.47 22.73 0.00 2.70
39 7.38 -6.84 25.14 0.00 8.53
40 7.47 -5.60 27.56 0.00 2.27
41 9.07 -13.41 7.92 0.00 5.91
42 9.06 -12.61 9.99 0.00 3.16
43 7.95 -8.66 10.88 0.00 9.31
44 7.82 -10.46 13.38 0.00 3.16
45 9.01 -11.16 7.58 0.00 1.11
46 9.04 -9.68 7.23 0.00 1.27
47 8.93 -8.99 7.58 0.00 8.24
48 8.97 -3.36 9.99 0.00 0.86
49 9.22 -9.13 6.89 0.00 6.63
frameEnd
frameHead left bk
11 14 49 960
0 1 1 0 0 0 0
4085 15 0
0 4.21 0.00 -51.67 0.00 19.61
1 4.47 0.00 -50.98 0.00 23.68
2 4.70 0.00 -50.98 0.00 19.94
3 12.88 0.00 41.33 0.00 21.66
4 13.20 0.00 41.68 0.00 27.09
5 13.37 0.00 41.33 0.00 25.53
6 14.01 0.00 19.63 0.00 21.61
7 14.36 0.00 21.01 0.00 12.23
8 15.09 0.00 49.60 0.00 19.93
9 15.46 0.00 47.53 0.00 16.95
10 17.09 -0.01 7.58 0.00 17.59
11 17.33 0.00 6.54 0.00 19.69
12 17.50 0.00 5.86 0.00 20.26
13 19.56 0.00 36.86 0.00 15.81
14 19.87 0.00 39.27 0.00 20.40
frameEnd
frameHead left ak
4085 19 0
0 12.99 0.00 40.96 0.00 21.66
1 4.39 0.00 -52.05 0.00 19.61
2 14.02 -0.01 19.52 0.00 21.61
3 17.50 0.01 4.72 0.00 20.71
4 20.02 -0.04 39.29 0.00 20.40
5 14.46 0.00 21.73 0.00 12.23
6 4.83 -0.01 -51.23 0.00 19.94
7 16.25 -0.04 17.36 0.00 17.56
8 17.25 0.00 6.41 0.00 19.69
9 15.46 0.00 47.53 0.00 16.95
10 13.35 0.00 40.54 0.00 25.53
11 19.99 -0.03 38.39 0.00 15.81
12 15.09 0.00 49.60 0.00 19.93
13 13.18 -0.01 41.63 0.00 27.09
14 20.03 0.05 40.93 0.00 18.65
15 4.47 0.00 -50.98 0.00 23.68
16 17.38 0.04 5.06 0.00 20.26
17 16.43 -0.03 20.92 0.00 16.98
18 17.17 -0.03 7.25 0.00 17.59
frameEnd
frameHead right bk
11 14 50 005
0 1 1 0 0 0 0
3031 36 0
0 1.44 0.00 -18.94 0.00 34.75
1 1.73 0.00 -19.63 0.00 31.46
2 3.71 0.00 -1.03 0.00 13.57
3 3.96 0.01 -2.41 0.00 10.48
4 4.21 0.01 -1.72 0.00 10.44
5 4.46 0.01 0.34 0.00 9.98
6 5.20 0.00 -41.68 0.00 18.58
7 5.43 0.00 -40.99 0.00 20.96
8 5.70 0.00 -38.92 0.00 19.94
9 6.44 0.00 -30.31 0.00 0.34
10 6.49 -7.24 33.76 0.00 3.31
11 6.48 -5.89 34.10 0.00 4.78
12 6.47 -4.11 37.54 0.00 10.15
13 6.46 -3.03 33.07 0.00 5.79
14 6.61 0.00 -31.69 0.00 4.88
15 6.77 -7.24 32.38 0.00 5.77
16 6.73 -5.84 34.79 0.00 5.31
17 6.71 -5.19 33.07 0.00 7.25
18 6.59 -4.09 37.89 0.00 7.44
19 6.93 0.00 -30.66 0.00 8.87
20 6.96 -3.94 40.30 0.00 5.31
21 7.09 0.00 -30.66 0.00 5.20
22 7.68 0.00 -27.90 0.00 22.30
23 7.73 -8.01 16.88 0.00 8.70
24 7.73 -7.33 17.91 0.00 5.46
25 7.92 0.00 -27.21 0.00 18.51
26 7.99 -8.06 16.19 0.00 10.90
27 7.99 -7.38 15.50 0.00 3.21
28 8.23 -8.14 15.16 0.00 6.84
29 8.24 -7.07 14.81 0.00 7.70
30 8.42 -8.90 13.43 0.00 9.75
31 8.47 -8.20 11.02 0.00 2.97
32 8.65 0.00 -15.16 0.00 18.44
33 8.73 -8.90 13.09 0.00 9.45
34 8.91 0.00 -14.47 0.00 19.90
35 9.16 0.00 -16.19 0.00 17.22
frameEnd
frameHead right ak
3031 47 0
0 3.75 0.00 -0.88 0.00 13.57
1 1.66 0.00 -19.09 0.00 34.75
2 5.36 -0.01 -41.70 0.00 18.58
3 1.51 0.00 -19.31 0.00 31.46
4 4.21 0.01 -1.74 0.00 10.44
5 11.75 0.05 -26.70 0.00 16.60
6 4.46 0.01 0.34 0.00 9.98
7 5.63 0.00 -40.91 0.00 20.96
8 6.98 0.00 -30.39 0.00 8.87
9 6.44 0.00 -30.31 0.00 0.34
10 8.56 -8.52 6.41 0.00 9.45
11 10.16 -0.05 -31.53 0.00 18.51
12 10.45 0.13 -27.37 0.00 7.43
13 11.71 0.01 -26.61 0.00 8.21
14 6.49 -7.24 33.76 0.00 3.31
15 6.48 -5.89 34.10 0.00 4.78
16 8.75 0.00 -15.23 0.00 18.44
17 12.54 0.00 -24.57 0.00 13.50
18 6.47 -4.11 37.54 0.00 10.15
19 7.71 -8.87 18.39 0.00 9.75
20 10.14 0.10 -45.18 0.00 17.45
21 11.42 -0.08 -29.95 0.00 3.64
22 6.46 -3.03 33.07 0.00 5.79
23 6.47 0.01 -31.58 0.00 4.88
24 10.09 0.00 -36.29 0.00 13.68
25 7.55 0.00 -27.91 0.00 22.30
26 9.08 -0.02 -18.48 0.00 17.22
27 6.73 -5.84 34.79 0.00 5.31
28 16.39 -0.03 31.55 0.00 17.13
29 3.96 0.01 -2.41 0.00 10.48
30 5.71 0.00 -39.21 0.00 19.94
31 13.02 -0.12 -26.96 0.00 3.86
32 6.72 -5.18 32.50 0.00 7.25
33 16.53 -0.09 33.55 0.00 14.63
34 7.19 -7.36 19.68 0.00 5.46
35 6.59 -4.09 37.89 0.00 7.44
36 6.96 -3.94 40.30 0.00 5.31
37 7.09 0.00 -30.66 0.00 5.20
38 12.52 0.03 -29.95 0.00 7.89
39 7.73 -8.01 16.88 0.00 8.70
40 6.78 -7.22 31.87 0.00 5.77
41 7.99 -8.06 16.19 0.00 10.90
42 7.99 -7.38 15.50 0.00 3.21
43 8.23 -8.14 15.16 0.00 6.84
44 8.91 0.00 -14.47 0.00 19.90
45 7.54 -8.31 10.07 0.00 2.97
46 8.26 -7.03 14.72 0.00 7.70
frameEnd
frameHead left bk
11 14 50 009
0 1 1 0 0 0 0
4086 13 0
0 4.47 0.00 -52.70 0.00 23.52
1 4.70 0.00 -52.01 0.00 20.20
2 4.95 -0.01 -53.04 0.00 8.09
3 6.92 -4.79 61.66 0.00 9.62
4 7.21 -4.82 61.66 0.00 5.67
5 12.88 0.00 41.33 0.00 21.66
6 13.22 0.00 41.33 0.00 27.17
7 13.37 0.00 40.99 0.00 26.21
8 14.11 0.00 20.32 0.00 21.31
9 14.36 0.00 21.70 0.00 12.31
10 17.09 0.00 6.89 0.00 16.87
11 17.33 0.00 6.20 0.00 19.20
12 17.50 0.00 5.86 0.00 19.98
frameEnd
frameHead left ak
4086 19 0
0 12.99 -0.01 40.97 0.00 21.66
1 4.42 0.00 -52.04 0.00 20.20
2 4.95 -0.01 -53.04 0.00 8.09
3 14.03 0.00 19.70 0.00 21.31
4 17.50 0.01 4.69 0.00 20.71
5 20.02 -0.04 39.29 0.00 20.40
6 14.45 0.00 21.77 0.00 12.31
7 4.71 0.00 -51.90 0.00 23.52
8 16.24 -0.04 17.31 0.00 17.56
9 17.26 0.00 6.34 0.00 19.20
10 6.92 -4.79 61.66 0.00 9.62
11 13.35 0.00 40.56 0.00 26.21
12 19.99 -0.03 38.35 0.00 15.81
13 7.21 -4.82 61.66 0.00 5.67
14 13.18 -0.01 41.62 0.00 27.17
15 20.04 0.05 41.04 0.00 18.65
16 17.39 0.04 5.06 0.00 19.98
17 16.43 -0.03 20.94 0.00 16.98
18 17.17 -0.03 7.13 0.00 16.87
frameEnd
frameHead left bk
11 14 50 056
0 1 1 0 0 0 0
4087 15 0
0 4.21 0.00 -51.67 0.00 19.50
1 4.47 0.00 -51.32 0.00 23.63
2 4.70 0.00 -51.32 0.00 20.02
3 12.88 0.00 41.68 0.00 21.61
4 13.22 0.00 41.68 0.00 27.25
5 13.37 0.00 40.99 0.00 25.99
6 13.99 0.00 21.01 0.00 22.33
7 14.36 0.00 21.70 0.00 13.87
8 16.34 0.00 18.26 0.00 17.50
9 16.59 0.00 22.04 0.00 13.08
10 17.09 0.00 6.89 0.00 16.84
11 17.33 0.00 5.86 0.00 19.94
12 17.52 0.00 5.51 0.00 21.49
13 19.87 0.00 38.92 0.00 20.65
14 20.06 0.00 38.92 0.00 18.46
frameEnd
frameHead left ak
4087 17 0
0 12.98 -0.01 41.00 0.00 21.61
1 4.40 0.00 -51.93 0.00 19.50
2 4.47 0.00 -51.32 0.00 23.63
3 14.03 0.00 19.97 0.00 22.33
4 17.50 0.01 4.65 0.00 20.71
5 20.03 -0.04 39.24 0.00 18.46
6 14.45 -0.01 21.81 0.00 13.87
7 4.71 0.00 -51.71 0.00 20.02
8 16.26 -0.02 17.54 0.00 17.50
9 17.26 0.01 6.21 0.00 19.94
10 13.35 0.00 40.57 0.00 25.99
11 19.99 -0.03 38.36 0.00 20.65
12 13.18 -0.01 41.63 0.00 27.25
13 20.04 0.06 41.14 0.00 18.65
14 17.40 0.04 5.03 0.00 21.49
15 16.45 -0.01 21.36 0.00 13.08
16 17.16 -0.03 7.03 0.00 16.84
frameEnd
frameHead right bk
11 14 50 079
0 1 1 0 0 0 0
3032 27 0
0 1.44 0.00 -19.98 0.00 34.06
1 1.73 0.00 -20.67 0.00 31.08
2 5.20 0.00 -42.37 0.00 16.26
3 5.43 0.00 -42.37 0.00 18.47
4 5.70 0.00 -39.96 0.00 17.71
5 6.22 0.00 -36.17 0.00 4.69
6 6.21 -3.36 42.71 0.00 7.24
7 6.21 -2.94 43.06 0.00 11.02
8 6.44 0.01 -40.30 0.00 -2.52
9 6.43 -3.33 40.64 0.00 8.51
10 6.33 -2.95 43.74 0.00 9.99
11 6.70 -2.12 44.78 0.00 11.73
12 6.95 0.00 -27.56 0.00 5.35
13 7.09 0.00 -32.03 0.00 0.38
14 7.26 -6.98 19.98 0.00 2.12
15 7.43 0.00 -29.62 0.00 11.78
16 7.52 -8.73 22.04 0.00 1.42
17 7.48 -8.10 17.91 0.00 2.96
18 7.48 -7.52 18.26 0.00 5.85
19 7.48 -6.90 20.32 0.00 0.50
20 7.49 -6.49 21.01 0.00 0.89
21 7.46 -4.14 20.67 0.00 3.02
22 7.74 -8.73 20.32 0.00 -0.68
23 7.72 -8.03 17.91 0.00 4.82
24 7.70 -7.48 17.57 0.00 9.03
25 7.72 -6.51 20.32 0.00 -1.54
26 7.64 -4.08 21.01 0.00 4.16
frameEnd
frameHead right ak
3032 38 0
0 1.66 0.00 -19.13 0.00 31.08
1 5.37 0.00 -41.89 0.00 18.47
2 1.51 0.00 -19.35 0.00 34.06
3 11.75 0.05 -26.68 0.00 16.60
4 5.20 0.00 -42.37 0.00 16.26
5 5.69 0.03 -40.74 0.00 -2.52
6 7.03 0.02 -30.04 0.00 11.78
7 6.22 0.00 -36.17 0.00 4.69
8 6.21 -2.94 43.06 0.00 11.02
9 6.33 -2.95 43.74 0.00 9.99
10 10.15 -0.05 -31.55 0.00 18.51
11 10.46 0.14 -27.21 0.00 7.43
12 11.71 0.01 -26.66 0.00 8.21
13 6.70 -2.12 44.78 0.00 11.73
14 7.48 -6.90 20.32 0.00 0.50
15 12.54 0.00 -24.59 0.00 13.50
16 6.23 -3.34 42.23 0.00 7.24
17 7.04 -8.61 23.68 0.00 1.42
18 11.41 -0.08 -30.07 0.00 3.64
19 7.49 -6.49 21.01 0.00 0.89
20 6.60 0.02 -31.24 0.00 0.38
21 10.09 0.01 -36.54 0.00 13.68
22 7.46 -0.02 -27.76 0.00 5.35
23 7.46 -4.14 20.67 0.00 3.02
24 16.38 -0.03 31.46 0.00 17.13
25 7.74 -8.73 20.32 0.00 -0.68
26 5.70 0.00 -39.68 0.00 17.71
27 13.01 -0.13 -26.98 0.00 3.86
28 7.72 -6.51 20.32 0.00 -1.54
29 16.53 -0.09 33.69 0.00 14.63
30 6.79 -7.02 19.03 0.00 2.12
31 7.64 -4.08 21.01 0.00 4.16
32 6.43 -3.33 40.63 0.00 8.51
33 12.52 0.03 -29.96 0.00 7.89
34 7.48 -8.10 17.73 0.00 2.96
35 7.71 -8.03 17.63 0.00 4.82
36 7.69 -7.47 17.26 0.00 9.03
37 7.55 -7.47 16.03 0.00 5.85
frameEnd
frameHead left bk
11 14 50 130
0 1 1 0 0 0 0
4088 25 0
0 4.47 0.00 -50.98 0.00 23.52
1 4.70 0.00 -50.98 0.00 20.01
2 4.95 0.01 -50.29 0.00 8.21
3 6.23 -3.68 60.28 0.00 4.02
4 6.21 -2.57 53.04 0.00 8.04
5 6.46 -3.38 55.11 0.00 2.70
6 6.50 -2.53 50.98 0.00 11.63
7 6.70 -2.54 49.94 0.00 9.75
8 6.70 -1.68 47.19 0.00 11.42
9 6.94 -1.68 46.84 0.00 9.58
10 12.88 0.00 40.30 0.00 21.81
11 13.20 0.00 40.30 0.00 26.69
12 13.37 0.00 39.27 0.00 24.83
13 13.99 0.00 19.98 0.00 21.60
14 14.36 0.00 18.94 0.00 11.87
15 16.10 0.00 19.98 0.00 16.11
16 16.34 0.00 18.94 0.00 18.11
17 16.59 0.01 22.73 0.00 14.48
18 17.33 0.00 6.20 0.00 20.27
19 17.53 0.00 6.20 0.00 22.04
20 19.87 0.00 38.58 0.00 20.46
21 20.06 0.00 39.61 0.00 18.18
22 20.30 0.00 40.64 0.00 12.67
23 23.34 0.01 -7.23 0.00 3.63
24 23.52 0.01 -8.27 0.00 2.92
frameEnd
frameHead left ak
4088 28 0
0 12.98 -0.01 40.96 0.00 21.81
1 4.47 0.00 -50.98 0.00 23.52
2 14.03 0.00 20.03 0.00 21.60
3 17.51 0.01 4.83 0.00 22.04
4 20.03 -0.03 39.27 0.00 18.18
5 14.44 -0.01 21.66 0.00 11.87
6 4.71 0.00 -51.41 0.00 20.01
7 16.27 -0.01 17.83 0.00 18.11
8 17.27 0.01 6.18 0.00 20.27
9 4.95 0.01 -50.29 0.00 8.21
10 13.34 -0.01 40.56 0.00 26.69
11 19.98 -0.03 38.34 0.00 20.46
12 6.23 -3.68 60.28 0.00 4.02
13 13.18 -0.01 41.63 0.00 27.25
14 20.06 0.06 41.06 0.00 12.67
15 6.21 -2.57 53.04 0.00 8.04
16 17.40 0.04 4.96 0.00 21.49
17 6.46 -3.38 55.11 0.00 2.70
18 16.47 0.01 21.85 0.00 14.48
19 17.16 -0.03 6.97 0.00 16.84
20 6.50 -2.53 50.98 0.00 11.63
21 6.70 -2.54 49.94 0.00 9.75
22 6.70 -1.68 47.19 0.00 11.42
23 6.94 -1.68 46.84 0.00 9.58
24 13.37 0.00 39.27 0.00 24.83
25 16.10 0.00 19.98 0.00 16.11
26 23.34 0.01 -7.23 0.00 3.63
27 23.52 0.01 -8.27 0.00 2.92
frameEnd
frameHead right bk
11 14 50 225
0 1 1 0 0 0 0
3033 36 1
0 1.44 0.00 -18.60 0.00 34.68
1 1.73 0.00 -18.60 0.00 31.42
2 5.20 0.00 -40.99 0.00 19.12
3 5.42 0.00 -40.99 0.00 20.16
4 5.70 -0.01 -39.27 0.00 16.21
5 6.15 -1.13 51.32 0.00 0.95
6 6.18 -0.37 51.67 0.00 18.02
7 6.44 -0.36 50.98 0.00 17.04
8 6.73 -6.80 31.34 0.00 1.89
9 6.72 -5.77 28.59 0.00 10.12
10 6.72 -5.19 29.62 0.00 4.69
11 6.71 -3.29 30.31 0.00 5.12
12 6.97 -9.65 28.24 0.00 2.60
13 6.98 -6.75 27.90 0.00 5.69
14 6.96 -5.77 28.24 0.00 11.87
15 6.97 -5.18 26.87 0.00 5.09
16 6.96 -3.30 27.90 0.00 6.28
17 7.09 0.01 -34.79 0.00 6.44
18 7.25 -9.66 25.83 0.00 -1.81
19 7.20 -6.70 25.83 0.00 8.89
20 7.22 -5.78 27.56 0.00 8.03
21 7.22 -5.15 24.80 0.00 3.81
22 7.20 -3.27 25.83 0.00 3.33
23 7.43 0.00 -29.62 0.00 17.68
24 7.47 -6.64 24.80 0.00 9.12
25 7.58 -6.07 25.83 0.00 7.17
26 7.68 0.00 -28.24 0.00 22.36
27 8.70 0.00 -15.16 0.00 19.50
28 8.91 0.00 -15.84 0.00 20.77
29 9.16 0.00 -18.94 0.00 18.63
30 9.90 0.00 -34.10 0.00 16.40
31 10.15 0.00 -30.31 0.00 16.01
32 10.40 0.00 -30.66 0.00 8.37
33 11.39 0.00 -27.90 0.00 19.43
34 11.64 0.00 -27.21 0.00 15.18
35 11.95 0.00 -27.90 0.00 8.77
frameEnd
frameHead right ak
3033 39 1
0 6.15 -1.13 51.32 0.00 0.95
1 1.66 0.00 -19.10 0.00 31.42
2 1.51 0.00 -19.33 0.00 34.68
3 6.18 -0.37 51.67 0.00 18.02
4 11.77 0.06 -26.79 0.00 8.77
5 5.20 0.00 -41.01 0.00 19.12
6 5.67 0.02 -40.79 0.00 20.16
7 7.07 0.03 -29.83 0.00 17.68
8 7.08 0.01 -34.98 0.00 6.44
9 6.44 -0.36 50.98 0.00 17.04
10 6.72 -5.77 28.59 0.00 10.12
11 10.17 -0.04 -31.48 0.00 8.37
12 10.58 0.18 -27.88 0.00 19.43
13 11.70 0.00 -26.95 0.00 15.18
14 6.72 -5.19 29.62 0.00 4.69
15 6.71 -3.29 30.31 0.00 5.12
16 6.97 -9.65 28.24 0.00 2.60
17 12.54 -0.01 -24.60 0.00 13.50
18 6.98 -6.75 27.90 0.00 5.69
19 6.57 -7.12 29.11 0.00 1.89
20 6.96 -5.77 28.24 0.00 11.87
21 11.28 -0.15 -30.24 0.00 16.01
22 7.48 -6.63 24.24 0.00 9.12
23 10.07 -0.01 -35.25 0.00 16.40
24 7.49 0.00 -27.94 0.00 22.36
25 6.97 -5.18 26.87 0.00 5.09
26 6.96 -3.30 27.90 0.00 6.28
27 7.25 -9.66 25.83 0.00 -1.81
28 5.70 -0.01 -39.51 0.00 16.21
29 13.00 -0.13 -27.00 0.00 3.86
30 7.20 -6.70 25.83 0.00 8.89
31 7.23 -5.14 24.60 0.00 3.81
32 7.22 -5.78 27.56 0.00 8.03
33 7.20 -3.27 25.83 0.00 3.33
34 12.52 0.04 -29.97 0.00 7.89
35 7.58 -6.07 25.83 0.00 7.17
36 8.70 0.00 -15.16 0.00 19.50
37 8.91 0.00 -15.84 0.00 20.77
38 9.16 0.00 -18.94 0.00 18.63
frameEnd
frameHead left bk
11 14 50 255
0 1 1 0 0 0 0
4089 24 0
0 4.47 0.00 -52.70 0.00 23.59
1 4.70 0.00 -52.70 0.00 19.84
2 5.96 -2.58 52.01 0.00 11.61
3 6.15 -2.58 51.67 0.00 11.20
4 6.46 -2.58 52.01 0.00 4.40
5 6.39 -1.88 46.84 0.00 4.02
6 6.45 -1.36 45.81 0.00 10.52
7 6.44 -0.36 44.78 0.00 3.10
8 6.70 -1.39 47.19 0.00 8.70
9 6.63 -0.36 43.06 0.00 7.14
10 13.12 0.00 34.79 0.00 18.94
11 13.37 0.00 34.10 0.00 20.44
12 14.11 0.00 19.63 0.00 21.64
13 14.36 0.00 18.94 0.00 12.45
14 15.05 -0.50 44.78 0.00 6.79
15 15.60 0.00 43.40 0.00 14.10
16 16.36 0.00 18.94 0.00 18.04
17 16.59 0.00 22.04 0.00 14.90
18 17.09 0.00 7.23 0.00 16.89
19 17.33 0.00 6.20 0.00 19.70
20 17.83 0.00 2.76 0.00 14.59
21 18.43 0.01 4.48 0.00 2.24
22 22.73 0.00 -14.81 0.00 9.13
23 23.03 -0.01 -15.16 0.00 5.99
frameEnd
frameHead left ak
4089 30 0
0 13.05 0.01 41.18 0.00 6.79
1 6.45 -1.36 45.81 0.00 10.52
2 4.47 0.01 -51.98 0.00 23.59
3 14.03 0.00 20.03 0.00 21.64
4 17.57 0.05 4.89 0.00 2.24
5 20.03 -0.04 39.26 0.00 18.18
6 14.44 -0.01 21.53 0.00 12.45
7 4.71 0.00 -51.99 0.00 19.84
8 16.27 -0.01 17.79 0.00 18.11
9 17.27 0.01 6.14 0.00 19.70
10 6.44 -0.36 44.78 0.00 3.10
11 13.34 -0.01 40.57 0.00 26.69
12 19.98 -0.03 38.29 0.00 20.46
13 6.63 -0.36 43.06 0.00 7.14
14 13.26 0.02 41.68 0.00 14.10
15 20.06 0.07 41.19 0.00 12.67
16 5.96 -2.58 52.04 0.00 11.61
17 17.40 0.04 4.87 0.00 21.49
18 6.46 -2.58 52.25 0.00 4.40
19 16.48 0.01 21.98 0.00 14.90
20 17.16 -0.03 6.96 0.00 16.89
21 6.15 -2.58 51.66 0.00 11.20
22 13.37 0.00 34.10 0.00 20.44
23 6.69 -1.39 47.19 0.00 8.70
24 6.39 -1.88 46.84 0.00 4.02
25 13.16 0.00 35.10 0.00 18.94
26 16.36 0.00 19.08 0.00 18.04
27 17.83 0.00 2.76 0.00 14.59
28 22.73 0.00 -14.81 0.00 9.13
29 23.03 -0.01 -15.16 0.00 5.99
frameEnd
frameHead right bk
11 14 50 257
0 1 1 0 0 0 0
3034 35 1
0 1.44 0.00 -18.60 0.00 34.42
1 1.73 0.00 -18.94 0.00 31.36
2 5.20 0.00 -42.37 0.00 18.20
3 5.42 0.00 -42.37 0.00 20.36
4 5.70 0.00 -42.02 0.00 18.85
5 6.19 0.00 46.16 0.00 13.84
6 6.32 -2.50 44.43 0.00 2.70
7 6.44 -0.03 48.57 0.00 8.51
8 6.47 -4.47 36.17 0.00 9.58
9 6.46 -3.70 36.51 0.00 8.51
10 6.46 -2.48 43.40 0.00 2.86
11 6.68 -6.59 35.13 0.00 1.52
12 6.71 -5.98 36.51 0.00 -0.63
13 6.72 -5.56 36.86 0.00 -0.73
14 6.69 -4.48 35.13 0.00 12.58
15 6.71 -3.73 37.54 0.00 4.87
16 6.98 -0.01 -25.83 0.00 10.29
17 6.97 -5.47 31.00 0.00 3.45
18 6.96 -4.52 34.10 0.00 8.66
19 7.09 -0.01 -26.52 0.00 7.73
20 7.43 0.00 -28.93 0.00 19.27
21 7.92 0.00 -26.18 0.00 20.92
22 8.16 0.00 -21.70 0.00 18.55
23 8.65 0.00 -15.84 0.00 20.12
24 8.91 0.00 -16.53 0.00 21.07
25 9.16 -0.01 -21.01 0.00 19.36
26 9.69 -0.01 -40.64 0.00 18.02
27 9.90 0.00 -34.79 0.00 16.43
28 11.39 0.00 -24.80 0.00 18.17
29 11.64 0.00 -24.46 0.00 13.99
30 11.95 -0.01 -24.80 0.00 7.43
31 12.38 0.00 -30.31 0.00 9.94
32 12.88 -0.01 -28.59 0.00 5.98
33 13.59 0.00 -27.56 0.00 13.62
34 13.87 0.00 -27.21 0.00 10.00
frameEnd
frameHead right ak
3034 38 1
0 6.21 0.00 46.42 0.00 13.84
1 1.67 0.00 -19.08 0.00 31.36
2 5.20 0.00 -42.37 0.00 18.20
3 1.51 -0.01 -19.32 0.00 34.42
4 6.32 -2.50 44.43 0.00 2.70
5 11.77 0.06 -26.78 0.00 8.77
6 5.45 0.01 -41.53 0.00 18.85
7 5.65 0.01 -41.25 0.00 20.36
8 7.11 0.03 -29.42 0.00 19.27
9 6.47 -4.47 36.17 0.00 9.58
10 6.44 -0.04 48.64 0.00 8.51
11 6.46 -3.70 36.51 0.00 8.51
12 10.17 -0.04 -31.50 0.00 8.37
13 10.88 0.31 -28.59 0.00 5.98
14 11.67 -0.02 -26.11 0.00 18.17
15 6.97 -5.47 30.78 0.00 3.45
16 6.97 -4.50 33.64 0.00 8.66
17 6.46 -2.48 43.40 0.00 2.86
18 12.47 -0.05 -24.67 0.00 7.43
19 6.68 -6.59 35.13 0.00 1.52
20 6.15 -5.82 36.51 0.00 -0.63
21 6.72 -5.56 36.86 0.00 -0.73
22 11.26 -0.16 -30.35 0.00 16.01
23 6.69 -4.48 35.13 0.00 12.58
24 6.71 -3.73 37.54 0.00 4.87
25 10.06 -0.01 -35.11 0.00 16.43
26 7.44 -0.02 -27.40 0.00 7.73
27 6.98 -0.01 -25.83 0.00 10.29
28 7.92 0.00 -26.18 0.00 20.92
29 8.16 0.00 -21.70 0.00 18.55
30 9.69 -0.01 -40.64 0.00 18.02
31 13.08 -0.08 -27.05 0.00 13.62
32 11.64 0.00 -24.46 0.00 13.99
33 13.87 0.00 -27.21 0.00 10.00
34 12.49 0.02 -30.08 0.00 9.94
35 8.92 0.00 -16.45 0.00 21.07
36 8.65 0.00 -15.84 0.00 20.12
37 9.17 -0.01 -20.92 0.00 19.36
frameEnd
frameHead left bk
11 14 50 261
0 1 1 0 0 0 0
4090 22 0
0 4.47 0.00 -51.67 0.00 23.72
1 4.70 0.00 -50.98 0.00 20.45
2 4.95 0.00 -49.94 0.00 8.17
3 5.70 -0.01 42.02 0.00 15.26
4 5.70 -0.80 43.06 0.00 9.35
5 5.96 0.00 42.02 0.00 16.59
6 5.95 -1.34 44.43 0.00 -5.88
7 5.92 -0.80 43.06 0.00 8.54
8 6.19 -0.02 42.02 0.00 15.97
9 6.12 -1.39 42.71 0.00 -3.72
10 6.20 -0.88 45.12 0.00 2.69
11 6.38 -0.52 44.43 0.00 0.99
12 6.69 -0.37 45.12 0.00 -0.62
13 13.11 0.00 31.34 0.00 12.64
14 13.36 0.06 27.21 0.00 7.57
15 14.11 0.00 19.29 0.00 21.65
16 14.36 0.00 18.26 0.00 13.09
17 16.10 0.00 21.01 0.00 15.70
18 16.36 0.00 19.98 0.00 17.45
19 16.59 0.00 23.08 0.00 11.92
20 17.09 0.00 7.58 0.00 17.67
21 17.33 0.00 6.54 0.00 19.89
frameEnd
frameHead left ak
4090 30 0
0 13.05 0.01 41.18 0.00 6.79
1 6.20 -0.88 45.13 0.00 2.69
2 4.55 0.01 -51.59 0.00 20.45
3 14.03 0.00 19.98 0.00 21.65
4 17.54 0.03 5.11 0.00 17.67
5 20.02 -0.04 39.25 0.00 18.18
6 14.53 0.03 21.50 0.00 15.70
7 4.67 0.00 -51.91 0.00 23.72
8 16.09 -0.11 17.32 0.00 13.09
9 17.27 0.01 6.10 0.00 19.70
10 6.38 -0.52 44.44 0.00 0.99
11 13.34 -0.01 40.57 0.00 26.69
12 19.97 -0.03 38.24 0.00 20.46
13 5.92 -0.80 43.06 0.00 8.54
14 13.26 0.02 41.68 0.00 14.10
15 20.07 0.07 41.32 0.00 12.67
16 4.95 0.00 -49.94 0.00 8.17
17 17.40 0.04 4.78 0.00 21.49
18 5.70 -0.01 42.02 0.00 15.26
19 16.49 0.02 22.33 0.00 11.92
20 17.17 -0.02 6.80 0.00 19.89
21 5.70 -0.80 43.06 0.00 9.35
22 13.12 0.00 31.53 0.00 12.64
23 6.67 -0.69 46.10 0.00 -0.62
24 6.12 -1.51 45.43 0.00 -5.88
25 5.96 0.00 42.02 0.00 16.59
26 16.36 0.00 19.50 0.00 17.45
27 6.19 -0.02 42.02 0.00 15.97
28 6.12 -1.39 42.71 0.00 -3.72
29 13.36 0.06 27.21 0.00 7.57
frameEnd
frameHead left bk
11 14 50 284
0 1 1 0 0 0 0
4091 10 0
0 5.96 -0.22 43.06 0.00 7.17
1 6.28 -3.72 47.53 0.00 -3.35
2 6.19 -0.15 42.71 0.00 7.67
3 13.62 0.00 18.94 0.00 12.14
4 13.87 0.00 19.63 0.00 20.80
5 14.86 0.00 -44.43 0.00 8.85
6 15.09 0.00 -45.47 0.00 11.47
7 17.09 0.00 9.30 0.00 18.83
8 17.33 0.00 7.92 0.00 21.29
9 17.50 0.00 6.89 0.00 21.74
frameEnd
frameHead left ak
4091 20 0
0 13.05 0.01 41.18 0.00 6.79
1 6.28 -3.72 47.53 0.00 -3.35
2 14.03 0.00 19.98 0.00 20.80
3 17.53 0.02 5.37 0.00 21.29
4 20.02 -0.04 39.25 0.00 18.18
5 14.48 0.01 21.40 0.00 12.14
6 16.09 -0.11 17.27 0.00 13.09
7 17.27 0.01 6.05 0.00 19.70
8 14.86 0.00 -44.43 0.00 8.85
9 13.34 -0.01 40.57 0.00 26.69
10 19.97 -0.03 38.20 0.00 20.46
11 5.93 -0.42 43.06 0.00 7.17
12 13.26 0.02 41.69 0.00 14.10
13 20.07 0.07 41.44 0.00 12.67
14 15.09 0.00 -45.47 0.00 11.47
15 17.40 0.04 4.70 0.00 21.49
16 17.09 0.00 9.30 0.00 18.83
17 16.49 0.02 22.46 0.00 11.92
18 17.19 -0.01 6.74 0.00 21.74
19 6.19 -0.15 42.70 0.00 7.67
frameEnd
frameHead right bk
11 14 50 302
0 1 1 0 0 0 0
3035 32 1
0 1.44 0.00 -18.94 0.00 34.49
1 1.73 0.00 -19.29 0.00 31.16
2 5.20 0.01 -42.71 0.00 18.73
3 5.46 0.00 -42.37 0.00 20.72
4 5.74 0.00 -45.81 0.00 17.47
5 5.96 -2.59 44.09 0.00 -7.10
6 5.96 -1.79 47.53 0.00 14.56
7 6.14 0.02 56.14 0.00 8.59
8 6.22 -3.82 45.81 0.00 -7.84
9 6.26 -3.27 39.27 0.00 -3.32
10 6.21 -2.59 44.78 0.00 -2.73
11 6.17 -1.79 47.88 0.00 14.26
12 6.44 0.06 61.66 0.00 7.64
13 6.57 -3.85 41.33 0.00 1.03
14 6.46 -3.26 38.23 0.00 -2.22
15 6.39 -2.59 44.78 0.00 2.68
16 6.71 -3.97 38.92 0.00 9.22
17 6.71 -3.40 43.74 0.00 1.14
18 6.95 -4.09 37.89 0.00 12.45
19 7.07 0.03 -41.33 0.00 11.95
20 7.43 0.00 -29.28 0.00 19.45
21 8.42 0.00 -17.57 0.00 18.76
22 8.67 0.00 -15.50 0.00 20.38
23 8.91 0.00 -16.53 0.00 21.77
24 9.83 0.00 -34.44 0.00 17.00
25 10.15 0.00 -29.97 0.00 16.36
26 11.41 0.00 -26.18 0.00 18.88
27 11.64 0.00 -25.49 0.00 16.20
28 13.59 0.00 -27.56 0.00 14.73
29 13.87 0.00 -27.21 0.00 11.56
30 16.36 0.01 32.38 0.00 13.81
31 16.48 0.00 33.07 0.00 12.56
frameEnd
frameHead right ak
3035 37 1
0 6.05 -1.05 49.84 0.00 14.56
1 1.67 0.01 -19.08 0.00 31.16
2 5.20 0.01 -42.71 0.00 18.73
3 1.50 -0.01 -19.32 0.00 34.49
4 6.21 -2.59 44.76 0.00 -2.73
5 11.78 0.06 -26.77 0.00 8.77
6 5.45 0.00 -42.04 0.00 20.72
7 7.14 0.04 -29.26 0.00 19.45
8 6.71 -3.97 38.49 0.00 9.22
9 6.27 -1.27 49.91 0.00 14.26
10 5.74 0.00 -45.81 0.00 17.47
11 10.17 -0.04 -31.38 0.00 16.36
12 10.90 0.31 -28.76 0.00 5.98
13 11.65 -0.03 -26.14 0.00 18.88
14 6.14 0.02 56.14 0.00 8.59
15 6.59 -3.16 37.90 0.00 -2.22
16 5.96 -2.59 44.09 0.00 -7.10
17 12.46 -0.06 -24.69 0.00 7.43
18 6.26 -3.27 39.27 0.00 -3.32
19 5.82 -3.81 45.61 0.00 -7.84
20 6.44 0.06 61.66 0.00 7.64
21 11.25 -0.16 -30.46 0.00 16.01
22 6.57 -3.85 41.33 0.00 1.03
23 6.94 -4.09 37.84 0.00 12.45
24 10.04 -0.02 -34.89 0.00 17.00
25 6.39 -2.59 44.78 0.00 2.68
26 6.71 -3.40 43.74 0.00 1.14
27 7.07 0.03 -41.33 0.00 11.95
28 16.36 0.01 32.38 0.00 13.81
29 16.48 0.00 33.07 0.00 12.56
30 13.14 -0.04 -27.10 0.00 14.73
31 11.64 0.00 -25.42 0.00 16.20
32 13.87 0.00 -27.21 0.00 11.56
33 12.49 0.02 -30.09 0.00 9.94
34 8.91 0.00 -16.50 0.00 21.77
35 8.66 0.00 -15.66 0.00 20.38
36 8.79 0.00 -18.86 0.00 18.76
frameEnd
frameHead left bk
11 14 50 345
0 1 1 0 0 0 0
4092 17 0
0 5.70 -0.07 40.30 0.00 9.82
1 5.96 -0.06 38.92 0.00 9.44
2 5.97 -3.31 47.53 0.00 -16.32
3 6.07 -2.44 49.94 0.00 -3.51
4 5.98 -0.68 45.12 0.00 -6.78
5 6.19 -0.03 38.92 0.00 8.95
6 6.33 -4.09 47.88 0.00 -12.60
7 6.23 -3.31 48.22 0.00 -8.87
8 6.21 -2.41 49.60 0.00 -1.11
9 6.44 0.02 38.92 0.00 3.84
10 6.47 -4.05 52.70 0.00 -3.66
11 6.46 -3.27 50.63 0.00 -4.37
12 13.87 -0.01 18.94 0.00 19.78
13 14.07 -0.01 19.98 0.00 21.83
14 17.09 0.00 9.30 0.00 18.74
15 17.33 0.00 8.96 0.00 21.13
16 17.47 0.00 7.92 0.00 21.39
frameEnd
frameHead left ak
4092 27 0
0 13.05 0.01 41.18 0.00 6.79
1 5.97 -3.31 47.53 0.00 -16.32
2 5.96 -0.06 38.92 0.00 9.44
3 14.03 0.00 20.02 0.00 21.83
4 17.52 0.02 5.70 0.00 21.13
5 20.02 -0.04 39.24 0.00 18.18
6 14.45 -0.01 21.31 0.00 19.78
7 6.07 -2.44 49.94 0.00 -3.51
8 16.08 -0.11 17.23 0.00 13.09
9 17.27 0.01 6.01 0.00 19.70
10 6.19 -0.03 38.92 0.00 8.95
11 13.34 -0.01 40.57 0.00 26.69
12 19.97 -0.03 38.16 0.00 20.46
13 5.92 -0.52 44.00 0.00 -6.78
14 13.26 0.02 41.69 0.00 14.10
15 20.08 0.07 41.55 0.00 12.67
16 6.33 -4.09 47.88 0.00 -12.60
17 17.41 0.04 4.63 0.00 21.49
18 17.09 0.00 9.30 0.00 18.74
19 16.49 0.03 22.58 0.00 11.92
20 17.20 0.00 6.92 0.00 21.39
21 6.23 -3.31 48.22 0.00 -8.87
22 6.21 -2.41 49.60 0.00 -1.11
23 6.44 0.02 38.92 0.00 3.84
24 6.47 -4.05 52.70 0.00 -3.66
25 6.46 -3.27 50.63 0.00 -4.37
26 5.94 -0.10 41.38 0.00 9.82
frameEnd
frameHead right bk
11 14 50 371
0 1 1 0 0 0 0
3036 30 1
0 1.44 0.00 -18.60 0.00 34.29
1 1.73 0.00 -19.63 0.00 31.26
2 5.20 0.00 -41.33 0.00 18.87
3 5.43 0.00 -40.99 0.00 20.83
4 5.70 0.00 -42.02 0.00 19.30
5 6.16 -0.15 49.94 0.00 12.33
6 6.44 -0.06 52.36 0.00 10.54
7 6.44 -0.85 52.36 0.00 2.81
8 7.00 0.00 -30.31 0.00 13.80
9 7.07 0.00 -31.69 0.00 12.19
10 7.69 0.00 -27.56 0.00 23.37
11 7.92 0.00 -26.87 0.00 21.95
12 8.64 0.00 -15.16 0.00 20.12
13 8.91 0.00 -15.84 0.00 20.40
14 9.16 0.00 -19.63 0.00 18.68
15 9.90 0.00 -34.79 0.00 16.76
16 10.15 0.00 -30.31 0.00 15.73
17 10.40 0.00 -31.00 0.00 7.66
18 11.39 0.00 -26.18 0.00 19.18
19 11.64 0.00 -25.14 0.00 16.37
20 11.95 0.00 -25.14 0.00 12.05
21 13.57 0.00 -29.28 0.00 15.17
22 13.87 0.01 -30.66 0.00 12.40
23 15.35 0.00 27.21 0.00 11.77
24 15.58 0.01 27.56 0.00 13.19
25 16.31 0.00 32.03 0.00 14.79
26 16.51 0.00 31.69 0.00 13.11
27 16.84 0.00 32.38 0.00 17.15
28 19.31 0.00 11.02 0.00 12.20
29 19.56 0.00 11.02 0.00 6.96
frameEnd
frameHead right ak
3036 33 1
0 6.17 -0.05 56.83 0.00 10.54
1 1.66 0.00 -19.07 0.00 34.29
2 5.20 0.01 -41.92 0.00 18.87
3 1.51 0.00 -19.32 0.00 31.26
4 7.07 0.00 -31.69 0.00 12.19
5 11.78 0.06 -26.76 0.00 8.77
6 5.51 0.01 -42.17 0.00 19.30
7 7.69 0.00 -27.56 0.00 23.37
8 7.13 0.02 -29.55 0.00 13.80
9 7.92 0.00 -26.87 0.00 21.95
10 6.30 -0.82 55.86 0.00 2.81
11 13.87 0.01 -30.66 0.00 12.40
12 10.18 -0.03 -31.35 0.00 7.66
13 10.78 0.18 -28.59 0.00 15.73
14 11.63 -0.04 -26.15 0.00 19.18
15 15.35 0.00 27.21 0.00 11.77
16 15.58 0.01 27.56 0.00 13.19
17 16.51 0.00 31.69 0.00 13.11
18 12.41 -0.09 -24.81 0.00 12.05
19 19.31 0.00 11.02 0.00 12.20
20 19.56 0.00 11.02 0.00 6.96
21 11.24 -0.16 -30.57 0.00 16.01
22 10.03 -0.02 -34.81 0.00 16.76
23 6.18 -0.16 49.71 0.00 12.33
24 5.44 0.00 -40.90 0.00 20.83
25 16.31 0.00 32.07 0.00 14.79
26 16.84 0.00 32.48 0.00 17.15
27 13.14 -0.04 -27.12 0.00 14.73
28 11.64 0.00 -25.28 0.00 16.37
29 12.67 0.12 -29.77 0.00 15.17
30 8.82 0.00 -15.89 0.00 20.12
31 8.74 0.00 -15.72 0.00 20.40
32 8.92 0.01 -19.02 0.00 18.68
frameEnd
frameHead left bk
11 14 50 399
0 1 1 0 0 0 0
4093 18 0
0 4.47 0.00 -51.67 0.00 23.19
1 4.70 0.00 -51.67 0.00 20.07
2 5.69 0.20 40.64 0.00 15.43
3 5.70 -0.73 41.33 0.00 1.52
4 5.94 0.20 40.99 0.00 15.37
5 5.96 -2.79 46.84 0.00 -12.08
6 5.96 -2.45 48.57 0.00 -11.78
7 6.03 -1.67 47.19 0.00 -3.64
8 5.96 -0.96 42.02 0.00 0.25
9 6.19 0.19 41.33 0.00 14.59
10 6.21 -2.38 49.60 0.00 -5.17
11 6.20 -1.04 43.74 0.00 0.58
12 6.44 0.14 40.64 0.00 8.66
13 6.46 -2.79 48.57 0.00 -2.38
14 6.34 -2.23 50.29 0.00 1.09
15 6.45 -1.06 43.40 0.00 0.23
16 15.85 0.00 -43.40 0.00 11.62
17 16.14 -0.01 -46.16 0.00 9.65
frameEnd
frameHead left ak
4093 32 0
0 13.05 0.01 41.18 0.00 6.79
1 5.89 -2.98 47.17 0.00 -12.08
2 5.70 0.20 40.69 0.00 15.43
3 14.03 0.00 20.08 0.00 21.83
4 17.52 0.02 5.70 0.00 21.13
5 20.02 -0.04 39.23 0.00 18.18
6 14.45 -0.01 21.34 0.00 19.78
7 6.34 -2.23 50.26 0.00 1.09
8 16.08 -0.11 17.18 0.00 13.09
9 17.27 0.01 5.97 0.00 19.70
10 4.47 0.00 -51.67 0.00 23.19
11 13.34 -0.01 40.57 0.00 26.69
12 19.97 -0.03 38.12 0.00 20.46
13 5.96 -0.80 43.13 0.00 0.58
14 13.26 0.02 41.70 0.00 14.10
15 20.08 0.08 41.66 0.00 12.67
16 4.70 0.00 -51.67 0.00 20.07
17 17.41 0.04 4.56 0.00 21.49
18 5.70 -0.73 41.33 0.00 1.52
19 16.49 0.03 22.70 0.00 11.92
20 17.20 0.00 6.87 0.00 21.39
21 6.45 -2.79 48.53 0.00 -2.38
22 6.21 -2.38 49.60 0.00 -5.17
23 6.44 0.14 40.61 0.00 8.66
24 5.96 -2.45 48.57 0.00 -11.78
25 6.03 -1.67 47.19 0.00 -3.64
26 5.96 -0.96 42.02 0.00 0.25
27 5.95 0.11 40.82 0.00 15.37
28 6.19 0.19 41.33 0.00 14.59
29 6.45 -1.06 43.40 0.00 0.23
30 15.85 0.00 -43.40 0.00 11.62
31 16.14 -0.01 -46.16 0.00 9.65
frameEnd
frameHead right bk
11 14 50 421
0 1 1 0 0 0 0
3037 22 1
0 1.44 0.00 -18.94 0.00 34.73
1 1.73 0.00 -19.29 0.00 31.41
2 5.20 0.00 -42.02 0.00 18.07
3 5.46 0.00 -41.68 0.00 21.19
4 5.70 0.00 -40.99 0.00 21.13
5 7.04 0.00 -32.03 0.00 12.45
6 7.06 0.00 -32.72 0.00 12.94
7 7.69 0.00 -27.56 0.00 23.85
8 7.92 0.00 -26.52 0.00 22.24
9 8.65 0.00 -14.81 0.00 19.69
10 8.91 0.00 -15.84 0.00 20.95
11 9.16 0.00 -18.60 0.00 18.96
12 10.15 0.00 -32.03 0.00 15.91
13 10.40 0.00 -30.66 0.00 11.07
14 11.39 0.00 -26.87 0.00 16.77
15 11.64 0.00 -26.52 0.00 14.18
16 11.89 0.00 -26.52 0.00 11.09
17 16.31 0.00 32.03 0.00 16.55
18 16.56 0.00 33.07 0.00 13.97
19 16.84 0.00 32.38 0.00 16.82
20 19.31 0.00 9.30 0.00 10.95
21 19.56 0.00 11.37 0.00 5.38
frameEnd
frameHead right ak
3037 26 1
0 1.66 0.00 -19.07 0.00 31.41
1 5.20 0.00 -41.88 0.00 18.07
2 1.51 0.00 -19.31 0.00 34.73
3 7.04 0.00 -32.03 0.00 12.45
4 11.79 0.06 -26.73 0.00 11.09
5 5.50 0.00 -42.04 0.00 21.19
6 7.69 0.00 -27.56 0.00 23.85
7 7.92 0.00 -26.53 0.00 22.24
8 7.06 0.00 -32.72 0.00 12.94
9 10.18 -0.03 -31.41 0.00 15.91
10 10.85 0.16 -28.00 0.00 16.77
11 11.63 -0.03 -26.22 0.00 14.18
12 16.56 0.00 33.07 0.00 13.97
13 12.40 -0.09 -24.85 0.00 12.05
14 19.32 0.00 9.58 0.00 10.95
15 19.56 0.00 11.31 0.00 5.38
16 11.15 -0.20 -30.71 0.00 11.07
17 10.03 -0.02 -34.72 0.00 16.76
18 5.57 0.00 -40.94 0.00 21.13
19 16.31 0.00 32.05 0.00 16.55
20 16.84 0.00 32.43 0.00 16.82
21 13.13 -0.04 -27.13 0.00 14.73
22 12.68 0.12 -29.76 0.00 15.17
23 8.84 0.00 -15.80 0.00 20.95
24 8.72 0.00 -15.33 0.00 19.69
25 8.98 0.01 -18.77 0.00 18.96
frameEnd
frameHead left bk
11 14 50 437
0 1 1 0 0 0 0
4094 11 0
0 4.47 0.00 -50.98 0.00 23.45
1 4.70 0.00 -50.63 0.00 19.72
2 5.45 -0.29 42.02 0.00 10.40
3 5.70 -1.14 44.43 0.00 7.70
4 5.70 -0.33 42.02 0.00 13.06
5 5.95 -1.15 44.78 0.00 6.58
6 5.96 -0.35 42.02 0.00 13.19
7 6.20 -1.15 45.12 0.00 5.07
8 6.19 -0.38 42.02 0.00 12.04
9 6.44 -0.01 42.37 0.00 3.98
10 6.44 -0.57 42.02 0.00 3.70
frameEnd
frameHead left ak
4094 25 0
0 13.05 0.01 41.18 0.00 6.79
1 5.57 -0.13 41.05 0.00 10.40
2 14.03 0.00 20.13 0.00 21.83
3 17.52 0.02 5.70 0.00 21.13
4 20.02 -0.04 39.23 0.00 18.18
5 14.45 -0.01 21.37 0.00 19.78
6 16.07 -0.11 17.13 0.00 13.09
7 17.27 0.01 5.93 0.00 19.70
8 4.47 0.00 -50.98 0.00 23.45
9 13.34 -0.01 40.57 0.00 26.69
10 19.97 -0.03 38.08 0.00 20.46
11 5.95 -0.53 41.20 0.00 13.19
12 13.27 0.02 41.70 0.00 14.10
13 20.08 0.08 41.77 0.00 12.67
14 4.71 0.00 -50.65 0.00 19.72
15 17.41 0.04 4.48 0.00 21.49
16 5.70 -0.33 42.00 0.00 13.06
17 16.49 0.03 22.83 0.00 11.92
18 17.20 0.00 6.82 0.00 21.39
19 6.15 -1.76 46.89 0.00 6.58
20 6.31 -0.22 40.98 0.00 12.04
21 6.20 -1.15 45.27 0.00 5.07
22 6.44 -0.57 42.02 0.00 3.70
23 6.44 -0.01 42.31 0.00 3.98
24 5.71 -1.14 44.52 0.00 7.70
frameEnd
frameHead left bk
11 14 50 483
0 1 1 0 0 0 0
4095 9 0
0 5.94 -0.19 41.68 0.00 13.16
1 6.16 -0.19 41.68 0.00 15.16
2 6.44 -0.21 42.02 0.00 15.52
3 6.69 -0.24 42.02 0.00 10.51
4 7.15 0.35 -51.67 0.00 1.62
5 7.43 0.35 -53.04 0.00 -2.53
6 15.29 -0.01 -48.22 0.00 8.89
7 15.68 0.00 -42.71 0.00 13.42
8 15.85 0.00 -44.09 0.00 9.81
frameEnd
frameHead left ak
4095 23 0
0 13.05 0.01 41.18 0.00 6.79
1 7.43 0.35 -53.04 0.00 -2.53
2 15.29 -0.01 -48.22 0.00 8.89
3 14.03 0.00 20.19 0.00 21.83
4 17.52 0.02 5.71 0.00 21.13
5 20.01 -0.04 39.22 0.00 18.18
6 14.45 -0.01 21.40 0.00 19.78
7 15.68 0.00 -42.71 0.00 13.42
8 16.06 -0.11 17.09 0.00 13.09
9 17.27 0.01 5.89 0.00 19.70
10 15.85 0.00 -44.09 0.00 9.81
11 13.34 -0.01 40.58 0.00 26.69
12 19.97 -0.03 38.04 0.00 20.46
13 13.27 0.02 41.71 0.00 14.10
14 20.09 0.08 41.88 0.00 12.67
15 5.93 0.24 -50.84 0.00 1.62
16 17.41 0.04 4.41 0.00 21.49
17 5.81 -0.24 41.89 0.00 13.16
18 16.50 0.03 22.96 0.00 11.92
19 17.20 0.00 6.77 0.00 21.39
20 6.31 -0.46 44.28 0.00 10.51
21 6.26 -0.24 40.69 0.00 15.16
22 6.44 -0.14 42.09 0.00 15.52
frameEnd
frameHead right bk
11 14 50 516
0 1 1 0 0 0 0
3038 27 1
0 1.44 0.00 -18.94 0.00 34.62
1 1.73 0.00 -18.94 0.00 31.14
2 5.20 0.00 -43.06 0.00 17.87
3 5.42 0.00 -42.71 0.00 20.09
4 5.70 0.00 -40.64 0.00 19.28
5 6.44 0.00 -33.76 0.00 12.74
6 6.72 0.01 -29.28 0.00 7.11
7 7.00 0.00 -30.31 0.00 14.81
8 7.07 0.00 -31.34 0.00 12.78
9 7.68 0.00 -27.90 0.00 23.62
10 7.92 0.00 -27.21 0.00 21.82
11 8.65 0.00 -15.16 0.00 19.64
12 8.91 0.00 -15.50 0.00 20.80
13 9.16 0.00 -18.60 0.00 19.40
14 10.15 0.00 -32.38 0.00 15.55
15 10.40 0.00 -35.13 0.00 8.05
16 11.39 0.00 -27.21 0.00 15.55
17 11.64 0.00 -25.83 0.00 12.02
18 11.78 0.00 -25.49 0.00 12.05
19 12.38 -0.01 -26.18 0.00 10.09
20 12.95 0.01 -25.14 0.00 5.11
21 13.59 0.00 -24.46 0.00 13.77
22 13.87 -0.01 -23.08 0.00 11.16
23 16.56 0.00 31.34 0.00 13.88
24 16.84 -0.01 31.34 0.00 16.55
25 19.31 0.00 12.06 0.00 13.19
26 19.56 -0.02 13.09 0.00 8.39
frameEnd
frameHead right ak
3038 30 1
0 5.20 0.00 -43.06 0.00 17.87
1 1.67 0.00 -19.05 0.00 31.14
2 1.51 -0.01 -19.31 0.00 34.62
3 7.06 0.00 -31.67 0.00 12.78
4 11.75 0.03 -26.82 0.00 15.55
5 5.49 0.00 -42.39 0.00 20.09
6 7.68 0.00 -27.73 0.00 23.62
7 6.72 0.01 -29.28 0.00 7.11
8 7.92 0.00 -26.88 0.00 21.82
9 7.00 0.00 -30.31 0.00 14.81
10 6.44 0.00 -33.83 0.00 12.74
11 10.18 -0.03 -31.50 0.00 15.55
12 10.86 0.16 -28.06 0.00 16.77
13 11.63 -0.03 -26.12 0.00 12.02
14 11.78 0.00 -25.49 0.00 12.05
15 13.59 0.00 -24.46 0.00 13.77
16 13.87 -0.01 -23.08 0.00 11.16
17 12.47 -0.04 -24.95 0.00 5.11
18 19.44 -0.01 11.06 0.00 8.39
19 19.44 0.00 11.63 0.00 13.19
20 11.13 -0.21 -30.80 0.00 11.07
21 10.06 0.01 -34.74 0.00 8.05
22 5.61 0.00 -40.80 0.00 19.28
23 16.40 0.00 31.79 0.00 13.88
24 16.84 -0.01 32.05 0.00 16.55
25 13.05 -0.08 -27.05 0.00 10.09
26 12.69 0.13 -29.76 0.00 15.17
27 8.86 0.00 -15.62 0.00 20.80
28 8.71 0.00 -15.21 0.00 19.64
29 9.02 0.01 -18.63 0.00 19.40
frameEnd
frameHead left bk
11 14 50 538
0 1 1 0 0 0 0
4096 7 0
0 4.47 0.00 -50.98 0.00 22.96
1 4.70 0.00 -50.98 0.00 19.27
2 13.15 0.00 45.47 0.00 22.87
3 13.37 0.00 45.12 0.00 20.14
4 14.86 0.03 42.37 0.00 20.10
5 15.06 0.03 43.40 0.00 20.73
6 15.35 0.03 44.43 0.00 17.01
frameEnd
frameHead left ak
4096 19 0
0 13.17 0.07 41.48 0.00 20.73
1 4.47 0.00 -50.98 0.00 22.96
2 13.15 0.00 45.47 0.00 22.87
3 14.03 0.00 20.25 0.00 21.83
4 17.52 0.02 5.71 0.00 21.13
5 20.01 -0.04 39.21 0.00 18.18
6 14.45 -0.01 21.43 0.00 19.78
7 13.37 0.00 45.12 0.00 20.14
8 16.06 -0.11 17.04 0.00 13.09
9 17.27 0.01 5.85 0.00 19.70
10 15.35 0.03 44.43 0.00 17.01
11 13.34 -0.01 40.58 0.00 26.69
12 19.97 -0.03 37.99 0.00 20.46
13 13.33 0.04 41.73 0.00 20.10
14 20.09 0.08 42.00 0.00 12.67
15 5.52 0.11 -51.00 0.00 19.27
16 17.41 0.04 4.34 0.00 21.49
17 16.50 0.04 23.10 0.00 11.92
18 17.20 0.00 6.72 0.00 21.39
frameEnd
frameHead right bk
11 14 50 559
0 1 1 0 0 0 0
3039 22 1
0 1.44 0.00 -18.94 0.00 34.70
1 1.73 0.00 -18.94 0.00 31.49
2 3.71 0.00 -2.76 0.00 13.98
3 3.96 0.00 -2.41 0.00 10.38
4 4.21 0.00 -1.03 0.00 10.14
5 4.46 0.00 0.69 0.00 9.86
6 5.20 0.00 -42.02 0.00 18.30
7 5.45 0.00 -42.02 0.00 20.59
8 5.70 0.00 -40.99 0.00 19.93
9 6.28 0.00 -35.82 0.00 16.60
10 6.44 0.00 -34.44 0.00 15.62
11 7.07 0.00 -32.72 0.00 12.00
12 7.43 0.00 -28.59 0.00 19.79
13 7.68 0.00 -27.56 0.00 23.76
14 8.62 0.00 -15.50 0.00 20.19
15 8.91 0.00 -15.16 0.00 20.18
16 9.16 0.00 -19.29 0.00 17.50
17 11.64 0.00 -26.87 0.00 7.07
18 11.84 0.01 -26.18 0.00 9.16
19 12.09 0.00 -26.52 0.00 10.48
20 16.31 0.00 32.03 0.00 16.40
21 16.53 0.00 32.38 0.00 14.06
frameEnd
frameHead right ak
3039 28 1
0 5.20 0.00 -42.04 0.00 18.30
1 1.67 0.01 -19.04 0.00 31.49
2 3.71 0.00 -2.76 0.00 13.98
3 1.50 -0.01 -19.31 0.00 34.70
4 7.06 0.00 -32.11 0.00 12.00
5 11.74 0.02 -26.83 0.00 7.07
6 5.48 0.00 -42.34 0.00 20.59
7 7.68 0.00 -27.67 0.00 23.76
8 7.42 0.00 -28.67 0.00 19.79
9 3.96 0.00 -2.41 0.00 10.38
10 4.21 0.00 -1.03 0.00 10.14
11 6.44 0.00 -34.18 0.00 15.62
12 10.18 -0.03 -31.51 0.00 15.55
13 10.87 0.15 -28.12 0.00 16.77
14 11.64 -0.01 -26.10 0.00 9.16
15 4.46 0.00 0.69 0.00 9.86
16 6.28 0.00 -35.82 0.00 16.60
17 12.47 -0.04 -24.98 0.00 5.11
18 11.12 -0.21 -30.90 0.00 11.07
19 10.06 0.01 -34.65 0.00 8.05
20 5.63 0.00 -40.87 0.00 19.93
21 16.37 0.00 31.86 0.00 16.40
22 16.76 -0.01 32.17 0.00 14.06
23 12.95 -0.12 -27.03 0.00 10.48
24 12.69 0.13 -29.75 0.00 15.17
25 8.82 0.00 -15.51 0.00 20.19
26 8.74 0.00 -15.11 0.00 20.18
27 9.04 0.01 -18.79 0.00 17.50
frameEnd
frameHead left bk
11 14 50 578
0 1 1 0 0 0 0
4097 10 0
0 4.47 0.00 -52.36 0.00 23.50
1 4.70 0.00 -52.70 0.00 19.73
2 13.20 -0.01 42.71 0.00 24.78
3 13.37 -0.01 40.99 0.00 23.70
4 13.87 0.01 37.54 0.00 8.60
5 14.13 0.02 39.61 0.00 6.81
6 14.61 0.00 52.36 0.00 10.36
7 15.06 0.00 45.81 0.00 15.47
8 15.85 0.00 -47.19 0.00 10.72
9 16.17 0.00 -46.16 0.00 5.98
frameEnd
frameHead left ak
4097 22 0
0 13.18 0.07 41.49 0.00 20.73
1 4.47 0.00 -52.34 0.00 23.50
2 13.87 0.01 37.54 0.00 8.60
3 14.03 0.00 20.31 0.00 21.83
4 17.52 0.02 5.71 0.00 21.13
5 20.01 -0.05 39.21 0.00 18.18
6 14.45 -0.01 21.46 0.00 19.78
7 13.21 -0.01 42.89 0.00 24.78
8 16.05 -0.11 16.99 0.00 13.09
9 17.27 0.01 5.80 0.00 19.70
10 15.06 0.00 45.68 0.00 15.47
11 13.34 -0.01 40.60 0.00 23.70
12 19.96 -0.03 37.95 0.00 20.46
13 14.13 0.02 39.61 0.00 6.81
14 13.33 0.04 41.73 0.00 20.10
15 20.10 0.09 42.11 0.00 12.67
16 5.32 0.04 -51.64 0.00 19.73
17 14.61 0.00 52.36 0.00 10.36
18 16.50 0.04 23.23 0.00 11.92
19 17.20 0.01 6.66 0.00 21.39
20 15.85 0.00 -47.19 0.00 10.72
21 16.17 0.00 -46.16 0.00 5.98
frameEnd
frameHead right bk
11 14 50 599
0 1 1 0 0 0 0
3040 26 1
0 1.44 0.00 -19.98 0.00 34.49
1 1.73 0.00 -19.63 0.00 31.59
2 3.71 0.00 -2.07 0.00 13.36
3 3.96 0.00 -2.41 0.00 9.86
4 4.21 0.00 -2.41 0.00 9.41
5 4.43 -0.01 -1.03 0.00 8.81
6 5.20 0.00 -42.37 0.00 17.26
7 5.43 0.00 -42.02 0.00 19.69
8 5.70 0.00 -40.64 0.00 19.22
9 6.36 0.00 -36.17 0.00 17.15
10 6.78 0.00 -31.69 0.00 6.95
11 7.07 -0.01 -32.03 0.00 9.25
12 7.43 0.00 -28.24 0.00 19.42
13 7.68 0.00 -27.90 0.00 23.73
14 7.92 0.00 -26.52 0.00 21.72
15 8.59 0.00 -15.16 0.00 20.29
16 8.91 0.00 -16.19 0.00 21.56
17 9.16 0.00 -19.98 0.00 20.28
18 11.64 0.01 -25.14 0.00 15.02
19 12.15 0.00 -25.14 0.00 5.70
20 13.37 0.00 -27.90 0.00 11.41
21 13.59 0.00 -26.18 0.00 14.04
22 13.87 -0.01 -23.77 0.00 10.46
23 16.33 0.00 31.34 0.00 16.08
24 16.54 0.00 31.34 0.00 14.22
25 16.84 0.00 33.07 0.00 17.67
frameEnd
frameHead right ak
3040 30 1
0 5.32 0.00 -42.01 0.00 19.69
1 1.66 0.00 -19.08 0.00 34.49
2 3.71 0.00 -2.07 0.00 13.36
3 1.51 0.00 -19.31 0.00 31.59
4 7.06 -0.01 -32.11 0.00 9.25
5 11.74 0.02 -26.82 0.00 7.07
6 5.45 -0.01 -42.42 0.00 17.26
7 7.68 0.00 -27.76 0.00 23.73
8 7.43 0.00 -28.47 0.00 19.42
9 3.96 0.00 -2.41 0.00 9.86
10 4.42 -0.01 -1.03 0.00 8.81
11 4.21 0.00 -2.41 0.00 9.41
12 10.03 -0.09 -31.22 0.00 21.72
13 10.87 0.15 -28.18 0.00 16.77
14 11.64 -0.01 -25.89 0.00 15.02
15 6.78 0.00 -31.69 0.00 6.95
16 6.36 0.00 -36.16 0.00 17.15
17 13.87 -0.01 -23.77 0.00 10.46
18 12.44 -0.06 -25.04 0.00 5.70
19 16.84 0.00 33.07 0.00 17.67
20 11.11 -0.21 -30.98 0.00 11.07
21 10.06 0.01 -34.57 0.00 8.05
22 5.64 0.00 -40.76 0.00 19.22
23 16.36 0.00 31.71 0.00 16.08
24 16.72 -0.01 31.94 0.00 14.22
25 12.99 -0.09 -27.11 0.00 11.41
26 12.83 0.19 -29.21 0.00 14.04
27 8.83 0.00 -15.68 0.00 21.56
28 8.72 0.00 -15.07 0.00 20.29
29 9.06 0.01 -19.17 0.00 20.28
frameEnd
frameHead left bk
11 14 50 614
0 1 1 0 0 0 0
4098 6 0
0 4.21 0.00 -52.36 0.00 18.54
1 4.47 0.00 -51.67 0.00 23.32
2 13.22 0.00 41.68 0.00 23.82
3 13.37 0.00 40.64 0.00 22.42
4 14.61 0.00 50.98 0.00 9.65
5 15.06 0.00 48.57 0.00 17.22
frameEnd
frameHead left ak
4098 14 0
0 13.18 0.07 41.50 0.00 20.73
1 4.34 0.00 -52.33 0.00 18.54
2 14.03 0.00 20.37 0.00 21.83
3 17.52 0.02 5.72 0.00 21.13
4 14.45 -0.01 21.49 0.00 19.78
5 16.05 -0.12 16.94 0.00 13.09
6 17.28 0.01 5.76 0.00 19.70
7 15.07 0.01 47.08 0.00 17.22
8 13.34 0.00 40.61 0.00 22.42
9 13.33 0.04 41.74 0.00 23.82
10 5.15 -0.01 -51.61 0.00 23.32
11 14.61 0.00 51.12 0.00 9.65
12 16.50 0.04 23.37 0.00 11.92
13 17.20 0.01 6.61 0.00 21.39
frameEnd
frameHead right bk
11 14 50 654
0 1 1 0 0 0 0
3041 28 1
0 1.44 0.00 -18.94 0.00 34.55
1 1.73 0.00 -19.29 0.00 31.25
2 3.96 0.00 -2.41 0.00 10.96
3 4.21 0.00 -2.07 0.00 10.89
4 4.46 0.00 -1.72 0.00 10.17
5 5.20 0.00 -42.71 0.00 18.60
6 5.48 0.00 -40.99 0.00 21.32
7 5.70 0.00 -38.92 0.00 21.35
8 6.19 0.00 -35.82 0.00 16.60
9 6.31 0.00 -34.79 0.00 16.84
10 7.09 -0.01 -35.48 0.00 10.11
11 7.43 0.00 -28.59 0.00 18.69
12 7.69 0.00 -27.90 0.00 23.26
13 8.65 0.00 -14.81 0.00 19.99
14 8.91 0.00 -15.84 0.00 21.09
15 9.16 0.00 -19.63 0.00 19.57
16 9.86 0.00 -33.76 0.00 17.35
17 10.15 0.00 -29.97 0.00 16.08
18 11.42 0.00 -25.14 0.00 15.78
19 11.64 0.00 -24.46 0.00 14.77
20 11.93 0.00 -21.36 0.00 10.88
21 12.12 0.00 -23.77 0.00 11.76
22 12.95 -0.02 -26.52 0.00 8.35
23 13.37 0.00 -25.83 0.00 10.88
24 16.30 0.00 31.34 0.00 16.87
25 16.84 0.00 33.07 0.00 16.78
26 17.10 0.00 30.31 0.00 21.33
27 17.33 0.00 28.24 0.00 17.34
frameEnd
frameHead right ak
3041 33 1
0 5.70 0.00 -38.92 0.00 21.35
1 1.66 0.00 -19.08 0.00 31.25
2 3.96 0.00 -2.06 0.00 10.89
3 1.51 0.00 -19.30 0.00 34.55
4 6.92 -0.01 -33.31 0.00 16.84
5 11.74 0.02 -26.82 0.00 7.07
6 5.42 -0.01 -42.60 0.00 18.60
7 7.68 0.00 -27.84 0.00 23.26
8 7.43 0.00 -28.50 0.00 18.69
9 3.96 0.00 -2.41 0.00 10.96
10 4.44 0.00 -1.42 0.00 10.17
11 7.09 -0.01 -35.48 0.00 10.11
12 10.03 -0.09 -31.11 0.00 16.08
13 10.88 0.15 -28.25 0.00 16.77
14 11.63 -0.01 -25.72 0.00 15.78
15 11.93 0.00 -21.36 0.00 10.88
16 6.28 0.00 -35.97 0.00 16.60
17 13.38 0.00 -25.71 0.00 10.88
18 12.36 -0.10 -24.97 0.00 14.77
19 16.84 0.00 33.07 0.00 16.78
20 12.12 0.00 -23.77 0.00 11.76
21 17.10 0.00 30.31 0.00 21.33
22 11.10 -0.22 -31.08 0.00 11.07
23 17.33 0.00 28.24 0.00 17.34
24 10.04 0.00 -34.22 0.00 17.35
25 5.62 0.00 -40.85 0.00 21.32
26 16.35 0.00 31.59 0.00 16.87
27 16.72 -0.01 31.89 0.00 14.22
28 12.99 -0.09 -27.06 0.00 8.35
29 12.84 0.20 -29.19 0.00 14.04
30 8.84 0.00 -15.70 0.00 21.09
31 8.71 0.00 -14.92 0.00 19.99
32 9.07 0.01 -19.34 0.00 19.57
frameEnd
frameHead left bk
11 14 50 675
0 1 1 0 0 0 0
4099 5 0
0 4.47 0.00 -51.32 0.00 23.29
1 4.70 0.00 -51.67 0.00 19.84
2 4.95 0.00 -53.39 0.00 8.35
3 13.20 0.00 41.33 0.00 25.74
4 13.37 0.00 39.61 0.00 23.90
frameEnd
frameHead left ak
4099 12 0
0 13.18 0.07 41.49 0.00 25.74
1 4.39 0.00 -51.83 0.00 23.29
2 4.95 0.00 -53.39 0.00 8.35
3 14.03 0.00 20.44 0.00 21.83
4 17.52 0.02 5.72 0.00 21.13
5 14.45 -0.01 21.53 0.00 19.78
6 16.04 -0.12 16.89 0.00 13.09
7 13.34 0.00 40.56 0.00 23.90
8 13.33 0.04 41.74 0.00 23.82
9 5.08 -0.03 -51.68 0.00 19.84
10 16.50 0.05 23.52 0.00 11.92
11 17.20 0.01 6.55 0.00 21.39
frameEnd
frameHead right bk
11 14 50 712
0 1 1 0 0 0 0
3042 27 1
0 1.44 0.00 -18.60 0.00 34.52
1 1.73 0.00 -18.94 0.00 31.23
2 3.71 -0.01 -1.38 0.00 13.21
3 3.96 -0.01 -2.07 0.00 9.55
4 4.21 -0.01 -2.41 0.00 9.68
5 4.95 -0.01 -41.68 0.00 14.86
6 5.20 0.00 -41.33 0.00 19.40
7 5.70 0.00 -38.58 0.00 21.82
8 5.99 0.00 -40.99 0.00 11.92
9 6.19 0.00 -35.13 0.00 16.25
10 7.00 0.00 -30.66 0.00 13.13
11 7.07 0.00 -31.00 0.00 10.59
12 7.69 0.00 -28.24 0.00 24.02
13 7.92 0.00 -27.21 0.00 22.47
14 8.65 0.00 -15.16 0.00 20.37
15 8.91 0.00 -15.84 0.00 20.84
16 9.16 0.00 -19.29 0.00 19.16
17 9.84 0.00 -34.79 0.00 17.64
18 10.15 0.00 -29.97 0.00 16.96
19 10.40 0.01 -29.62 0.00 9.64
20 11.75 0.00 -31.00 0.00 5.94
21 12.27 0.00 -31.69 0.00 5.12
22 13.37 0.00 -26.52 0.00 11.29
23 13.57 0.00 -25.49 0.00 13.03
24 16.33 0.00 32.38 0.00 16.88
25 16.54 0.00 32.72 0.00 14.92
26 16.84 0.00 32.38 0.00 17.04
frameEnd
frameHead right ak
3042 30 1
0 5.70 0.00 -38.58 0.00 21.82
1 1.67 0.00 -19.07 0.00 31.23
2 3.96 -0.01 -2.06 0.00 9.55
3 1.51 -0.01 -19.29 0.00 34.52
4 6.94 0.00 -32.64 0.00 10.59
5 11.74 0.02 -26.82 0.00 7.07
6 5.37 -0.02 -42.35 0.00 14.86
7 7.68 0.00 -28.02 0.00 24.02
8 7.55 0.01 -27.96 0.00 22.47
9 4.04 0.00 -2.41 0.00 9.68
10 3.71 -0.01 -1.38 0.00 13.21
11 5.20 0.00 -41.33 0.00 19.40
12 10.04 -0.08 -31.02 0.00 16.96
13 10.81 0.06 -28.94 0.00 9.64
14 11.63 -0.01 -25.67 0.00 15.78
15 7.00 0.00 -30.66 0.00 13.13
16 6.25 0.00 -35.57 0.00 16.25
17 13.48 0.00 -25.70 0.00 13.03
18 12.36 -0.10 -25.00 0.00 14.77
19 16.69 0.00 32.90 0.00 14.92
20 11.21 -0.13 -31.12 0.00 5.94
21 10.02 -0.01 -34.32 0.00 17.64
22 5.67 0.01 -40.91 0.00 11.92
23 16.35 0.00 31.78 0.00 16.88
24 16.74 0.00 32.01 0.00 17.04
25 13.02 -0.07 -27.01 0.00 11.29
26 12.74 0.13 -29.63 0.00 5.12
27 8.85 0.00 -15.72 0.00 20.84
28 8.70 0.00 -14.94 0.00 20.37
29 9.08 0.01 -19.36 0.00 19.16
frameEnd
frameHead left bk
11 14 50 730
0 1 1 0 0 0 0
4100 7 0
0 4.21 0.00 -52.36 0.00 18.53
1 4.47 0.00 -51.67 0.00 23.18
2 12.88 0.00 40.99 0.00 22.11
3 13.22 0.00 40.99 0.00 26.20
4 15.85 0.00 -49.94 0.00 10.95
5 16.16 0.00 -49.60 0.00 7.13
6 16.34 -0.01 -47.19 0.00 8.86
frameEnd
frameHead left ak
4100 12 0
0 13.16 0.06 41.42 0.00 22.11
1 4.41 0.00 -51.67 0.00 23.18
2 4.21 0.00 -52.19 0.00 18.53
3 14.03 0.00 20.50 0.00 21.83
4 17.53 0.02 5.73 0.00 21.13
5 15.85 0.00 -49.94 0.00 10.95
6 14.45 -0.01 21.56 0.00 19.78
7 16.16 0.00 -49.60 0.00 7.13
8 16.34 -0.01 -47.19 0.00 8.86
9 13.34 -0.01 40.58 0.00 26.20
10 13.33 0.04 41.75 0.00 23.82
11 17.20 0.01 6.50 0.00 21.39
frameEnd
frameHead left bk
11 14 50 768
0 1 1 0 0 0 0
4101 8 0
0 4.47 0.00 -51.67 0.00 23.41
1 4.70 0.00 -51.67 0.00 19.95
2 4.95 0.00 -51.32 0.00 5.86
3 12.88 0.00 40.99 0.00 21.93
4 13.22 0.00 41.33 0.00 27.18
5 13.37 0.00 40.30 0.00 22.96
6 13.99 0.00 18.60 0.00 20.59
7 14.36 0.00 19.63 0.00 12.44
frameEnd
frameHead left ak
4101 10 0
0 13.17 0.06 41.42 0.00 27.18
1 4.42 0.00 -51.59 0.00 23.41
2 4.46 0.00 -51.85 0.00 19.95
3 14.05 0.02 20.34 0.00 12.44
4 17.53 0.02 5.73 0.00 21.13
5 4.95 0.00 -51.32 0.00 5.86
6 14.41 -0.03 21.37 0.00 20.59
7 13.34 -0.01 40.57 0.00 22.96
8 13.31 0.03 41.72 0.00 21.93
9 17.20 0.01 6.44 0.00 21.39
frameEnd
frameHead right bk
11 14 50 771
0 1 1 0 0 0 0
3043 26 1
0 1.44 0.00 -18.60 0.00 34.23
1 1.73 0.00 -18.94 0.00 31.19
2 3.71 0.00 -2.07 0.00 13.45
3 3.96 0.00 -2.41 0.00 10.15
4 4.21 0.00 -0.69 0.00 9.60
5 4.46 0.00 1.03 0.00 9.02
6 5.20 0.00 -41.68 0.00 19.14
7 5.49 0.00 -40.64 0.00 22.07
8 5.70 0.00 -39.61 0.00 22.31
9 6.24 0.00 -35.82 0.00 15.45
10 6.44 0.00 -34.10 0.00 14.52
11 7.06 -0.01 -33.41 0.00 11.96
12 7.43 -0.01 -28.93 0.00 19.68
13 7.68 0.00 -27.56 0.00 23.55
14 8.64 0.00 -15.84 0.00 20.61
15 8.91 0.00 -16.19 0.00 21.37
16 9.16 0.00 -19.63 0.00 19.22
17 9.84 0.00 -35.48 0.00 16.47
18 10.15 0.00 -31.00 0.00 15.09
19 11.41 0.00 -25.49 0.00 16.08
20 11.64 0.00 -25.14 0.00 11.76
21 13.37 0.00 -25.14 0.00 12.44
22 13.59 0.00 -25.14 0.00 14.38
23 16.33 0.00 31.00 0.00 16.23
24 16.54 -0.01 31.34 0.00 14.98
25 16.84 0.00 32.03 0.00 17.03
frameEnd
frameHead right ak
3043 30 1
0 5.70 0.00 -39.14 0.00 22.31
1 1.67 0.01 -19.05 0.00 31.19
2 3.90 -0.01 -2.07 0.00 13.45
3 1.50 -0.01 -19.27 0.00 34.23
4 6.96 0.00 -33.01 0.00 11.96
5 11.74 0.02 -26.81 0.00 7.07
6 7.65 -0.01 -28.41 0.00 19.68
7 7.58 0.01 -27.71 0.00 23.55
8 4.02 0.00 -2.41 0.00 10.15
9 4.21 0.00 -0.77 0.00 9.60
10 5.20 0.00 -41.67 0.00 19.14
11 10.05 -0.07 -31.01 0.00 15.09
12 10.82 0.06 -29.07 0.00 9.64
13 11.61 -0.02 -25.60 0.00 16.08
14 4.46 0.00 1.03 0.00 9.02
15 6.24 0.00 -35.62 0.00 15.45
16 13.44 0.00 -25.48 0.00 12.44
17 12.30 -0.12 -25.07 0.00 11.76
18 6.44 0.00 -34.10 0.00 14.52
19 16.33 0.00 31.00 0.00 16.23
20 11.20 -0.13 -31.20 0.00 5.94
21 10.01 -0.01 -34.55 0.00 16.47
22 5.65 0.00 -40.81 0.00 22.07
23 16.37 0.00 31.65 0.00 14.98
24 16.75 0.00 32.00 0.00 17.03
25 13.07 -0.04 -26.84 0.00 14.38
26 12.75 0.13 -29.63 0.00 5.12
27 8.83 0.00 -15.73 0.00 20.61
28 8.73 0.00 -15.29 0.00 21.37
29 9.09 0.01 -19.48 0.00 19.22
frameEnd
frameHead left bk
11 14 50 813
0 1 1 0 0 0 0
4102 5 0
0 4.21 0.00 -53.04 0.00 19.39
1 4.47 0.00 -51.67 0.00 23.85
2 12.88 0.00 40.30 0.00 21.87
3 13.22 0.00 40.99 0.00 27.25
4 13.37 0.00 39.61 0.00 25.96
frameEnd
frameHead left ak
4102 8 0
0 13.15 0.05 41.33 0.00 21.87
1 4.39 0.00 -52.18 0.00 19.39
2 4.46 0.00 -51.73 0.00 23.85
3 14.05 0.02 20.40 0.00 12.44
4 13.37 0.00 39.61 0.00 25.96
5 14.41 -0.03 21.40 0.00 20.59
6 13.33 -0.01 40.59 0.00 27.25
7 13.32 0.03 41.73 0.00 21.93
frameEnd
frameHead right bk
11 14 50 837
0 1 1 0 0 0 0
3044 30 1
0 1.44 0.00 -18.94 0.00 34.34
1 1.73 0.00 -19.29 0.00 31.10
2 3.71 0.00 -2.07 0.00 13.97
3 3.96 0.00 -2.07 0.00 10.05
4 4.21 0.00 -2.07 0.00 8.93
5 5.20 0.00 -41.68 0.00 18.83
6 5.48 0.00 -41.33 0.00 21.73
7 5.70 0.01 -39.96 0.00 21.64
8 6.44 0.00 -32.03 0.00 9.35
9 6.69 0.00 -30.66 0.00 7.32
10 6.98 0.00 -32.72 0.00 12.72
11 7.07 0.01 -34.79 0.00 10.92
12 7.68 0.00 -27.56 0.00 24.02
13 7.92 0.00 -26.87 0.00 21.86
14 8.60 0.00 -16.19 0.00 20.23
15 8.91 0.00 -15.84 0.00 20.67
16 9.16 0.00 -18.60 0.00 18.49
17 10.15 -0.01 -31.00 0.00 13.50
18 10.40 -0.02 -30.66 0.00 6.43
19 11.39 0.00 -24.11 0.00 15.87
20 11.64 0.00 -21.01 0.00 10.51
21 12.06 -0.01 -27.56 0.00 8.86
22 12.38 -0.01 -30.66 0.00 0.97
23 13.37 0.00 -25.49 0.00 11.21
24 13.59 0.00 -26.52 0.00 13.76
25 15.10 0.00 55.11 0.00 22.36
26 15.26 0.00 57.52 0.00 22.05
27 16.10 0.00 33.76 0.00 13.35
28 16.34 0.00 31.69 0.00 16.00
29 16.54 0.00 32.72 0.00 13.93
frameEnd
frameHead right ak
3044 34 1
0 5.70 0.01 -39.58 0.00 21.64
1 1.67 0.01 -19.05 0.00 31.10
2 3.91 0.00 -2.07 0.00 10.05
3 1.50 -0.01 -19.27 0.00 34.34
4 6.96 0.00 -33.02 0.00 12.72
5 11.77 0.04 -26.88 0.00 8.86
6 3.71 0.00 -2.07 0.00 13.97
7 7.68 0.00 -27.96 0.00 21.86
8 7.59 0.01 -27.53 0.00 24.02
9 4.06 0.00 -2.23 0.00 8.93
10 6.44 0.00 -32.03 0.00 9.35
11 5.20 0.00 -41.68 0.00 18.83
12 10.05 -0.07 -31.00 0.00 13.50
13 10.82 0.05 -29.21 0.00 9.64
14 11.60 -0.02 -25.27 0.00 15.87
15 6.69 0.00 -30.66 0.00 7.32
16 13.42 0.00 -25.47 0.00 11.21
17 12.29 -0.13 -25.10 0.00 11.76
18 7.07 0.01 -34.71 0.00 10.92
19 16.55 0.00 32.49 0.00 13.93
20 11.64 0.00 -21.01 0.00 10.51
21 11.11 -0.17 -31.22 0.00 6.43
22 15.10 0.00 55.11 0.00 22.36
23 15.26 0.00 57.52 0.00 22.05
24 10.01 -0.01 -34.45 0.00 16.47
25 16.10 0.00 33.76 0.00 13.35
26 5.63 0.00 -41.01 0.00 21.73
27 16.37 0.00 31.64 0.00 16.00
28 16.75 0.01 31.98 0.00 17.03
29 13.11 -0.02 -26.80 0.00 13.76
30 12.69 0.09 -29.82 0.00 0.97
31 8.84 0.00 -15.76 0.00 20.67
32 8.72 0.00 -15.55 0.00 20.23
33 9.10 0.01 -19.26 0.00 18.49
frameEnd
frameHead left bk
11 14 50 871
0 1 1 0 0 0 0
4103 11 0
0 4.21 -0.01 -51.67 0.00 19.05
1 4.47 0.00 -51.67 0.00 23.50
2 12.88 0.00 41.33 0.00 22.08
3 13.22 0.00 41.33 0.00 27.37
4 13.37 0.00 40.99 0.00 25.98
5 14.01 0.00 18.94 0.00 14.16
6 14.36 0.00 19.29 0.00 9.14
7 16.84 0.00 8.96 0.00 15.32
8 17.01 0.00 8.61 0.00 15.52
9 17.36 -0.01 6.54 0.00 12.76
10 17.63 0.01 7.92 0.00 14.75
frameEnd
frameHead left ak
4103 11 0
0 13.15 0.05 41.34 0.00 27.37
1 4.36 -0.01 -51.97 0.00 19.05
2 4.47 0.00 -51.66 0.00 23.50
3 14.08 0.03 20.15 0.00 9.14
4 16.84 0.00 8.96 0.00 15.32
5 17.01 0.00 8.61 0.00 15.52
6 14.38 -0.04 21.25 0.00 14.16
7 17.36 -0.01 6.54 0.00 12.76
8 17.63 0.01 7.92 0.00 14.75
9 13.33 -0.01 40.61 0.00 25.98
10 13.30 0.02 41.72 0.00 22.08
frameEnd
frameHead right bk
11 14 50 893
0 1 1 0 0 0 0
3045 28 1
0 1.44 0.00 -18.94 0.00 34.38
1 1.73 0.00 -19.29 0.00 31.41
2 3.71 0.00 -3.10 0.00 13.99
3 3.96 0.00 -3.10 0.00 10.95
4 4.21 -0.01 -2.76 0.00 10.47
5 5.20 0.00 -42.02 0.00 18.95
6 5.46 0.00 -41.68 0.00 21.39
7 5.70 0.00 -39.96 0.00 20.77
8 6.21 0.00 -36.51 0.00 12.61
9 6.44 0.00 -34.79 0.00 12.87
10 6.93 0.00 -29.97 0.00 12.49
11 7.18 0.01 -32.38 0.00 11.55
12 7.43 0.00 -29.28 0.00 20.59
13 8.42 0.00 -18.26 0.00 19.14
14 8.62 0.00 -15.50 0.00 19.74
15 9.84 0.00 -36.86 0.00 16.31
16 10.15 0.00 -32.72 0.00 15.24
17 11.39 0.00 -25.14 0.00 15.11
18 11.64 -0.01 -23.77 0.00 11.72
19 12.12 0.00 -29.62 0.00 10.91
20 12.38 0.00 -31.00 0.00 5.88
21 15.10 0.00 55.11 0.00 22.21
22 15.26 0.00 58.56 0.00 22.41
23 16.34 0.00 32.72 0.00 16.56
24 16.56 0.00 32.38 0.00 14.79
25 16.84 0.00 32.03 0.00 16.73
26 19.16 0.00 10.33 0.00 12.01
27 19.31 0.00 10.68 0.00 12.23
frameEnd
frameHead right ak
3045 35 1
0 5.70 0.01 -39.85 0.00 20.77
1 1.67 0.01 -19.05 0.00 31.41
2 3.92 0.00 -2.58 0.00 10.95
3 1.50 -0.01 -19.27 0.00 34.38
4 6.99 0.01 -32.88 0.00 11.55
5 11.77 0.04 -26.88 0.00 8.86
6 3.71 0.00 -3.09 0.00 13.99
7 7.65 -0.01 -28.46 0.00 20.59
8 4.09 0.00 -2.46 0.00 10.47
9 6.21 0.00 -36.51 0.00 12.61
10 5.20 0.00 -41.85 0.00 18.95
11 10.05 -0.07 -31.00 0.00 13.50
12 10.82 0.04 -29.36 0.00 9.64
13 11.59 -0.02 -25.19 0.00 15.11
14 6.93 0.00 -30.01 0.00 12.49
15 9.84 0.00 -36.86 0.00 16.31
16 13.42 0.00 -25.46 0.00 11.21
17 12.28 -0.13 -25.14 0.00 11.76
18 6.75 0.00 -34.71 0.00 12.87
19 16.55 0.00 32.45 0.00 14.79
20 11.65 -0.01 -23.58 0.00 11.72
21 11.26 -0.08 -31.21 0.00 5.88
22 15.10 0.00 55.11 0.00 22.21
23 15.26 0.00 58.44 0.00 22.41
24 10.02 0.00 -33.88 0.00 15.24
25 16.34 0.00 32.86 0.00 16.56
26 19.16 0.00 10.33 0.00 12.01
27 19.31 0.00 10.68 0.00 12.23
28 5.61 -0.01 -41.27 0.00 21.39
29 16.37 0.00 31.62 0.00 16.00
30 16.76 0.01 31.99 0.00 16.73
31 13.10 -0.02 -26.80 0.00 13.76
32 12.62 0.05 -29.89 0.00 10.91
33 8.71 0.00 -15.56 0.00 19.74
34 9.04 -0.01 -18.98 0.00 19.14
frameEnd
