frameHead right bk
11 13 34 445
0 1 1 0 0 0 0
1921 25 0
0 1.44 0.00 -23.08 0.00 34.09
1 1.73 0.00 -20.67 0.00 30.95
2 3.71 0.00 -0.69 0.00 13.93
3 3.96 0.00 -2.07 0.00 9.78
4 4.21 0.01 -1.72 0.00 8.49
5 5.20 0.00 -42.37 0.00 18.16
6 5.45 0.00 -42.37 0.00 20.51
7 5.70 0.00 -40.30 0.00 20.61
8 6.44 0.00 -35.48 0.00 11.17
9 6.69 0.00 -28.24 0.00 8.50
10 6.98 0.00 -31.34 0.00 13.99
11 7.09 0.00 -32.38 0.00 11.93
12 7.69 0.00 -27.90 0.00 24.67
13 7.92 0.00 -27.21 0.00 22.93
14 8.68 0.00 -14.81 0.00 19.84
15 8.91 0.00 -15.84 0.00 20.87
16 9.16 0.00 -19.63 0.00 18.98
17 9.81 0.00 -33.41 0.00 16.80
18 10.15 0.00 -30.31 0.00 15.04
19 15.10 0.00 56.83 0.00 22.88
20 15.24 0.00 60.28 0.00 22.28
21 16.30 0.00 32.38 0.00 16.58
22 16.56 0.00 33.07 0.00 13.97
23 19.25 0.00 12.74 0.00 13.77
24 19.56 -0.01 13.78 0.00 11.08
frameEnd
frameHead right ak
1921 34 0
0 5.65 0.00 -40.14 0.00 20.61
1 7.78 0.01 -27.38 0.00 22.93
2 1.45 0.00 -23.44 0.00 34.09
3 1.73 0.00 -21.01 0.00 30.95
4 5.45 0.00 -42.51 0.00 20.51
5 3.72 0.00 -1.14 0.00 13.93
6 4.21 0.00 -1.48 0.00 8.49
7 10.26 0.01 -35.09 0.00 15.67
8 16.47 0.02 35.58 0.00 13.88
9 16.44 0.05 35.26 0.00 16.00
10 3.93 0.00 -2.44 0.00 9.78
11 6.84 0.00 -28.68 0.00 8.50
12 6.44 0.00 -35.44 0.00 11.17
13 9.13 0.00 -18.34 0.00 18.98
14 12.93 0.09 -24.93 0.00 10.50
15 8.79 0.00 -14.72 0.00 20.87
16 5.25 0.00 -42.43 0.00 18.16
17 16.48 0.00 33.62 0.00 13.97
18 7.73 -0.01 -28.30 0.00 24.67
19 11.48 -0.02 -27.07 0.00 14.19
20 16.66 -0.01 32.12 0.00 16.58
21 10.75 -0.10 -34.30 0.00 16.80
22 10.36 0.04 -30.02 0.00 15.04
23 15.24 0.00 60.29 0.00 22.28
24 11.76 -0.07 -26.21 0.00 16.29
25 6.89 0.01 -30.67 0.00 13.99
26 15.12 0.00 56.03 0.00 22.88
27 6.51 0.02 -32.86 0.00 11.93
28 11.94 -0.07 -22.86 0.00 8.41
29 19.57 -0.01 13.47 0.00 11.08
30 12.08 0.05 -27.57 0.00 10.31
31 19.25 0.00 12.69 0.00 13.77
32 12.51 -0.06 -28.76 0.00 9.54
33 8.78 0.00 -14.62 0.00 19.84
frameEnd
frameHead left bk
11 13 34 471
0 1 1 0 0 0 0
2592 14 0
0 4.47 0.00 -52.01 0.00 23.03
1 4.70 0.00 -51.32 0.00 19.45
2 4.95 0.00 -57.87 0.00 5.27
3 13.22 0.00 41.33 0.00 27.15
4 13.37 0.00 40.99 0.00 25.66
5 16.37 0.00 17.91 0.00 17.44
6 16.59 0.00 17.57 0.00 14.60
7 17.09 0.00 8.27 0.00 18.08
8 17.33 0.00 6.54 0.00 19.95
9 28.91 0.00 -22.04 0.00 5.45
10 29.22 0.00 -23.77 0.00 10.28
11 29.70 0.01 -21.01 0.00 12.84
12 29.96 0.01 -21.36 0.00 10.53
13 30.10 0.00 -22.73 0.00 8.85
frameEnd
frameHead left ak
2592 23 0
0 16.52 0.00 17.39 0.00 14.60
1 4.59 0.01 -51.07 0.00 19.45
2 13.36 0.00 40.42 0.00 25.66
3 13.15 0.05 41.53 0.00 27.15
4 13.20 -0.04 41.71 0.00 27.34
5 17.46 0.03 9.10 0.00 16.36
6 17.32 0.01 8.08 0.00 21.29
7 17.17 -0.01 8.16 0.00 18.08
8 4.52 0.00 -51.43 0.00 23.03
9 16.46 0.00 18.23 0.00 14.02
10 16.46 -0.01 17.80 0.00 17.44
11 17.49 -0.03 6.78 0.00 19.95
12 17.63 0.02 4.89 0.00 15.47
13 4.95 0.00 -57.87 0.00 5.27
14 28.91 0.00 -22.04 0.00 5.45
15 19.98 0.01 38.47 0.00 20.73
16 22.71 0.01 -11.31 0.00 10.20
17 29.22 0.00 -23.77 0.00 10.28
18 19.97 0.01 39.51 0.00 18.04
19 29.70 0.01 -21.01 0.00 12.84
20 13.03 0.03 41.16 0.00 25.99
21 29.96 0.01 -21.36 0.00 10.53
22 30.10 0.00 -22.73 0.00 8.85
frameEnd
frameHead right bk
11 13 34 511
0 1 1 0 0 0 0
1922 28 0
0 1.44 0.00 -22.73 0.00 34.32
1 1.73 0.00 -20.67 0.00 30.84
2 3.71 0.00 -1.03 0.00 13.05
3 3.96 -0.01 -1.72 0.00 9.24
4 4.21 -0.01 -0.69 0.00 9.54
5 5.20 0.00 -42.71 0.00 17.92
6 5.43 0.00 -42.37 0.00 19.35
7 5.70 0.00 -40.30 0.00 18.54
8 6.44 0.00 -31.34 0.00 11.82
9 6.70 0.02 -30.66 0.00 8.88
10 7.07 -0.01 -31.00 0.00 9.97
11 7.43 0.00 -28.59 0.00 20.81
12 7.68 0.00 -27.90 0.00 24.48
13 7.92 0.00 -27.21 0.00 22.57
14 8.68 0.00 -14.81 0.00 19.01
15 8.91 0.00 -15.84 0.00 20.61
16 9.16 0.00 -19.98 0.00 19.58
17 9.90 0.00 -35.82 0.00 16.71
18 10.15 0.00 -30.31 0.00 15.18
19 11.64 -0.01 -27.21 0.00 12.05
20 12.20 0.00 -28.59 0.00 10.21
21 15.10 0.00 57.52 0.00 22.60
22 15.24 0.00 60.97 0.00 22.32
23 16.31 0.00 31.69 0.00 15.65
24 16.56 0.00 34.79 0.00 13.34
25 16.84 0.00 33.07 0.00 17.07
26 19.07 0.00 12.74 0.00 13.26
27 19.24 -0.01 13.09 0.00 14.18
frameEnd
frameHead right ak
1922 34 0
0 5.66 0.00 -40.11 0.00 18.54
1 4.21 -0.01 -0.69 0.00 9.54
2 7.80 0.01 -27.25 0.00 22.57
3 1.45 0.00 -23.43 0.00 34.32
4 1.73 0.00 -20.99 0.00 30.84
5 5.44 0.00 -42.29 0.00 19.35
6 3.72 0.00 -1.07 0.00 13.05
7 4.18 -0.01 -1.65 0.00 9.24
8 10.22 0.00 -35.59 0.00 16.71
9 16.47 0.02 35.61 0.00 13.88
10 16.45 0.05 35.15 0.00 13.34
11 7.12 0.01 -28.26 0.00 24.48
12 6.76 0.02 -33.28 0.00 9.97
13 9.14 0.00 -18.46 0.00 19.58
14 12.94 0.10 -24.91 0.00 10.50
15 8.78 0.00 -14.71 0.00 19.01
16 5.24 0.00 -42.53 0.00 17.92
17 16.50 0.01 33.56 0.00 17.07
18 7.70 -0.01 -28.45 0.00 20.81
19 11.49 -0.01 -27.15 0.00 12.05
20 16.57 -0.01 31.96 0.00 15.65
21 10.74 -0.10 -34.41 0.00 16.80
22 10.35 0.03 -30.04 0.00 15.18
23 15.24 0.00 60.68 0.00 22.32
24 11.76 -0.07 -26.23 0.00 16.29
25 6.87 0.01 -30.64 0.00 8.88
26 15.12 0.01 56.65 0.00 22.60
27 6.50 0.01 -32.14 0.00 11.82
28 11.94 -0.07 -22.85 0.00 8.41
29 19.40 -0.01 13.13 0.00 14.18
30 12.08 0.05 -27.57 0.00 10.31
31 19.16 0.00 12.70 0.00 13.26
32 12.49 -0.07 -28.76 0.00 10.21
33 8.79 0.00 -14.79 0.00 20.61
frameEnd
frameHead left bk
11 13 34 536
0 1 1 0 0 0 0
2593 14 0
0 4.47 0.00 -51.67 0.00 23.42
1 4.70 0.00 -51.67 0.00 20.01
2 4.95 0.00 -48.57 0.00 8.02
3 12.88 0.00 40.64 0.00 22.04
4 13.20 0.00 41.33 0.00 27.46
5 13.37 0.00 40.99 0.00 26.04
6 16.37 0.00 16.53 0.00 17.50
7 16.59 0.00 18.26 0.00 14.40
8 17.09 0.00 7.92 0.00 17.89
9 17.33 0.00 6.89 0.00 20.98
10 21.05 -0.01 -62.00 0.00 6.86
11 21.30 -0.01 -62.00 0.00 4.75
12 29.47 0.00 -21.36 0.00 11.23
13 29.64 0.00 -21.01 0.00 13.00
frameEnd
frameHead left ak
2593 23 0
0 16.49 0.00 17.19 0.00 17.50
1 4.60 0.01 -51.11 0.00 20.01
2 13.36 0.00 40.53 0.00 26.04
3 13.15 0.05 41.53 0.00 27.46
4 13.20 -0.04 41.72 0.00 27.34
5 4.95 0.00 -48.57 0.00 8.02
6 17.46 0.04 9.34 0.00 16.36
7 17.32 0.01 8.16 0.00 21.29
8 17.16 -0.01 8.06 0.00 17.89
9 4.51 0.00 -51.47 0.00 23.42
10 16.47 0.01 18.22 0.00 14.40
11 16.46 -0.01 17.79 0.00 17.44
12 17.48 -0.03 6.83 0.00 20.98
13 17.63 0.02 4.92 0.00 15.47
14 12.88 0.00 40.64 0.00 22.04
15 29.46 0.00 -21.57 0.00 11.23
16 19.98 0.01 38.39 0.00 20.73
17 22.71 0.01 -11.28 0.00 10.20
18 21.05 -0.01 -62.00 0.00 6.86
19 19.97 0.01 39.59 0.00 18.04
20 29.64 0.00 -21.01 0.00 13.00
21 13.03 0.03 41.21 0.00 25.99
22 21.30 -0.01 -62.00 0.00 4.75
frameEnd
frameHead left bk
11 13 34 556
0 1 1 0 0 0 0
2594 8 0
0 4.47 0.00 -50.98 0.00 23.59
1 4.70 0.00 -49.94 0.00 19.74
2 4.95 0.00 -46.50 0.00 7.50
3 12.88 0.00 40.99 0.00 22.20
4 13.20 0.00 41.33 0.00 27.41
5 13.37 0.00 40.99 0.00 25.62
6 17.09 0.00 9.30 0.00 19.06
7 17.33 0.00 7.92 0.00 21.74
frameEnd
frameHead left ak
2594 19 0
0 16.48 0.00 17.17 0.00 17.50
1 4.59 0.01 -51.05 0.00 23.59
2 13.36 0.00 40.63 0.00 25.62
3 13.15 0.05 41.53 0.00 27.41
4 13.20 -0.04 41.72 0.00 27.34
5 4.71 0.00 -50.00 0.00 19.74
6 17.44 0.02 9.40 0.00 19.06
7 17.32 0.01 8.24 0.00 21.29
8 17.18 0.00 8.01 0.00 21.74
9 16.47 0.01 18.21 0.00 14.40
10 16.46 -0.01 17.77 0.00 17.44
11 17.48 -0.03 6.85 0.00 20.98
12 17.63 0.02 4.95 0.00 15.47
13 12.88 0.00 40.96 0.00 22.20
14 4.95 0.00 -46.50 0.00 7.50
15 19.98 0.01 38.31 0.00 20.73
16 22.72 0.01 -11.25 0.00 10.20
17 19.97 0.01 39.67 0.00 18.04
18 13.03 0.03 41.25 0.00 25.99
frameEnd
frameHead right bk
11 13 34 580
0 1 1 0 0 0 0
1923 25 0
0 1.44 0.00 -23.08 0.00 34.11
1 1.73 0.00 -21.01 0.00 31.06
2 3.71 0.00 -3.79 0.00 13.34
3 3.96 0.00 -3.10 0.00 11.03
4 4.21 0.00 -1.38 0.00 11.26
5 5.20 0.00 -42.71 0.00 17.33
6 5.46 0.00 -41.33 0.00 18.52
7 5.70 0.00 -39.61 0.00 19.11
8 6.44 0.00 -31.34 0.00 11.69
9 6.65 -0.01 -29.62 0.00 11.71
10 7.09 0.00 -33.07 0.00 9.69
11 7.43 0.00 -28.93 0.00 19.90
12 7.68 0.00 -27.90 0.00 24.25
13 8.70 0.00 -13.78 0.00 19.53
14 8.91 0.00 -15.16 0.00 20.99
15 9.16 0.00 -18.60 0.00 19.33
16 9.87 0.00 -34.10 0.00 17.54
17 10.15 0.00 -30.31 0.00 16.39
18 10.40 0.00 -27.90 0.00 8.27
19 11.44 0.00 -29.28 0.00 14.96
20 11.64 0.01 -27.90 0.00 13.49
21 12.21 0.01 -29.28 0.00 12.14
22 12.88 0.00 -25.14 0.00 8.36
23 16.30 0.00 33.07 0.00 16.51
24 16.56 0.00 33.41 0.00 14.11
frameEnd
frameHead right ak
1923 32 0
0 5.66 0.00 -39.81 0.00 19.11
1 3.71 0.00 -3.79 0.00 13.34
2 7.79 0.00 -27.41 0.00 24.25
3 1.45 0.00 -23.42 0.00 34.11
4 1.73 0.00 -20.99 0.00 31.06
5 11.44 0.00 -29.28 0.00 14.96
6 5.45 0.00 -41.68 0.00 18.52
7 3.80 0.01 -2.24 0.00 11.03
8 4.18 -0.01 -1.63 0.00 11.26
9 10.22 0.01 -36.11 0.00 16.71
10 16.48 0.02 35.65 0.00 13.88
11 16.45 0.05 35.14 0.00 13.34
12 6.87 0.01 -32.95 0.00 9.69
13 9.14 0.00 -18.39 0.00 19.33
14 12.93 0.08 -24.94 0.00 8.36
15 8.78 -0.01 -14.50 0.00 19.53
16 5.23 0.00 -42.60 0.00 17.33
17 16.51 0.01 33.61 0.00 14.11
18 7.67 -0.02 -28.68 0.00 19.90
19 11.42 -0.05 -27.31 0.00 8.27
20 16.52 -0.01 32.28 0.00 16.51
21 10.68 -0.12 -34.51 0.00 17.54
22 10.34 0.03 -30.07 0.00 16.39
23 15.24 0.00 60.90 0.00 22.32
24 11.75 -0.07 -26.25 0.00 16.29
25 6.85 -0.01 -30.23 0.00 11.71
26 15.12 0.01 56.76 0.00 22.60
27 6.49 0.00 -31.65 0.00 11.69
28 11.94 -0.07 -22.84 0.00 8.41
29 12.04 0.02 -27.65 0.00 13.49
30 12.47 -0.07 -28.83 0.00 12.14
31 8.79 0.01 -14.83 0.00 20.99
frameEnd
frameHead left bk
11 13 34 606
0 1 1 0 0 0 0
2595 11 0
0 4.47 0.00 -51.67 0.00 23.49
1 4.70 0.00 -51.32 0.00 19.74
2 12.88 0.00 40.30 0.00 21.98
3 13.22 0.00 41.33 0.00 27.42
4 13.37 0.00 40.30 0.00 26.11
5 14.86 0.00 46.84 0.00 17.42
6 15.35 0.00 43.74 0.00 18.31
7 16.36 0.00 17.91 0.00 17.99
8 16.59 0.00 18.26 0.00 14.00
9 19.86 0.00 38.92 0.00 20.86
10 20.06 0.00 40.64 0.00 18.33
frameEnd
frameHead left ak
2595 20 0
0 16.48 0.00 17.16 0.00 17.50
1 4.60 0.01 -51.05 0.00 19.74
2 13.36 0.00 40.57 0.00 26.11
3 13.16 0.05 41.53 0.00 27.42
4 13.19 -0.05 41.72 0.00 27.34
5 4.59 0.00 -50.95 0.00 23.49
6 17.44 0.02 9.64 0.00 19.06
7 17.32 0.01 8.33 0.00 21.29
8 17.18 0.00 8.01 0.00 21.74
9 14.86 0.00 46.84 0.00 17.42
10 16.48 0.01 18.21 0.00 14.00
11 16.45 -0.01 17.80 0.00 17.99
12 17.47 -0.04 6.87 0.00 20.98
13 17.63 0.02 4.98 0.00 15.47
14 12.88 0.00 40.64 0.00 21.98
15 15.35 0.00 43.74 0.00 18.31
16 19.97 0.00 38.52 0.00 20.86
17 22.72 0.01 -11.21 0.00 10.20
18 19.97 0.01 40.05 0.00 18.33
19 13.04 0.03 41.29 0.00 25.99
frameEnd
frameHead right bk
11 13 34 638
0 1 1 0 0 0 0
1924 30 0
0 1.44 0.00 -24.46 0.00 34.05
1 1.73 0.00 -21.70 0.00 30.75
2 3.71 0.00 -2.41 0.00 13.75
3 3.96 -0.01 -3.44 0.00 10.16
4 4.21 0.00 -2.76 0.00 10.31
5 4.49 0.01 -0.69 0.00 9.37
6 4.95 0.00 -38.58 0.00 14.08
7 5.20 0.00 -40.30 0.00 17.68
8 5.70 0.00 -38.92 0.00 19.61
9 6.04 0.00 -39.96 0.00 15.19
10 6.18 0.00 -35.82 0.00 16.05
11 6.75 0.00 -29.28 0.00 9.42
12 6.93 -0.01 -28.59 0.00 11.62
13 7.07 -0.01 -30.31 0.00 7.83
14 7.69 0.00 -27.90 0.00 24.05
15 7.92 0.00 -27.21 0.00 22.88
16 8.65 0.00 -15.50 0.00 19.52
17 8.91 0.00 -15.84 0.00 20.29
18 9.16 0.00 -18.94 0.00 18.54
19 9.92 0.00 -34.10 0.00 16.72
20 10.15 0.00 -28.93 0.00 15.80
21 11.41 0.00 -27.90 0.00 17.28
22 11.64 0.00 -27.21 0.00 15.21
23 12.13 0.00 -25.49 0.00 11.98
24 12.30 0.00 -27.21 0.00 10.42
25 15.10 0.00 56.14 0.00 22.15
26 15.24 0.00 58.56 0.00 21.67
27 16.30 0.00 32.03 0.00 15.68
28 16.59 0.00 33.41 0.00 13.23
29 16.84 0.00 32.72 0.00 15.83
frameEnd
frameHead right ak
1924 35 0
0 5.70 0.01 -39.75 0.00 15.19
1 3.96 -0.01 -3.47 0.00 10.16
2 7.80 0.00 -27.31 0.00 22.88
3 1.45 0.00 -23.45 0.00 34.05
4 1.73 0.00 -21.04 0.00 30.75
5 11.41 0.00 -27.98 0.00 17.28
6 5.41 0.00 -40.90 0.00 17.68
7 3.78 0.00 -2.52 0.00 13.75
8 4.19 0.00 -2.12 0.00 10.31
9 10.22 0.02 -36.62 0.00 16.71
10 16.51 0.05 34.59 0.00 15.83
11 16.46 0.06 35.13 0.00 13.34
12 4.49 0.01 -0.69 0.00 9.37
13 4.95 0.00 -38.58 0.00 14.08
14 6.84 0.02 -31.26 0.00 9.42
15 5.70 0.00 -38.92 0.00 19.61
16 9.14 0.00 -18.38 0.00 18.54
17 12.85 0.02 -25.03 0.00 11.98
18 8.78 0.00 -14.70 0.00 20.29
19 16.51 0.01 33.63 0.00 13.23
20 7.67 -0.01 -28.50 0.00 24.05
21 11.43 -0.04 -27.37 0.00 15.21
22 16.48 -0.01 32.23 0.00 15.68
23 10.63 -0.13 -34.60 0.00 16.72
24 10.33 0.02 -30.01 0.00 15.80
25 15.24 0.00 60.13 0.00 21.67
26 11.75 -0.07 -26.28 0.00 16.29
27 6.87 0.00 -30.18 0.00 7.83
28 15.12 0.00 56.57 0.00 22.15
29 11.93 -0.08 -22.83 0.00 8.41
30 6.18 0.00 -35.82 0.00 16.05
31 6.93 -0.01 -28.59 0.00 11.62
32 12.06 0.03 -27.60 0.00 10.42
33 12.46 -0.07 -28.84 0.00 12.14
34 8.79 0.00 -14.92 0.00 19.52
frameEnd
frameHead left bk
11 13 34 660
0 1 1 0 0 0 0
2596 12 0
0 4.47 0.00 -52.70 0.00 23.70
1 4.70 0.00 -51.32 0.00 20.32
2 4.95 0.01 -46.84 0.00 7.54
3 12.88 0.00 40.99 0.00 22.23
4 13.20 0.00 41.33 0.00 27.50
5 13.37 0.00 40.99 0.00 26.07
6 16.36 0.00 17.22 0.00 17.84
7 16.70 0.00 17.91 0.00 13.98
8 17.23 0.00 7.23 0.00 19.95
9 17.52 0.00 6.54 0.00 20.71
10 19.87 0.00 39.61 0.00 20.89
11 20.06 0.00 41.33 0.00 18.45
frameEnd
frameHead left ak
2596 19 0
0 16.46 -0.01 17.19 0.00 17.84
1 4.59 0.01 -51.24 0.00 23.70
2 13.36 0.00 40.66 0.00 26.07
3 13.16 0.05 41.55 0.00 27.42
4 13.19 -0.05 41.72 0.00 27.34
5 4.63 0.00 -51.21 0.00 20.32
6 17.44 0.03 9.88 0.00 19.06
7 17.32 0.01 8.43 0.00 21.29
8 17.19 0.00 7.75 0.00 19.95
9 4.95 0.01 -46.84 0.00 7.54
10 16.48 0.01 18.20 0.00 14.00
11 16.46 0.00 17.82 0.00 13.98
12 17.48 -0.03 6.78 0.00 20.71
13 17.64 0.02 5.01 0.00 15.47
14 12.88 0.00 40.76 0.00 22.23
15 19.97 0.01 39.20 0.00 18.45
16 22.72 0.01 -11.18 0.00 10.20
17 19.97 0.00 39.97 0.00 20.89
18 13.06 0.03 41.33 0.00 27.50
frameEnd
frameHead right bk
11 13 34 703
0 1 1 0 0 0 0
1925 28 0
0 1.44 0.00 -23.77 0.00 34.50
1 1.73 0.00 -21.36 0.00 31.11
2 3.71 0.00 -1.03 0.00 12.90
3 3.96 0.00 -1.38 0.00 9.72
4 4.21 0.00 -1.38 0.00 10.32
5 5.20 0.00 -42.37 0.00 17.53
6 5.42 0.00 -42.37 0.00 19.17
7 5.70 0.00 -39.96 0.00 18.42
8 6.44 0.00 -32.72 0.00 14.71
9 6.78 0.00 -30.31 0.00 11.20
10 6.90 0.01 -28.59 0.00 10.94
11 7.07 -0.01 -32.72 0.00 8.31
12 7.69 0.00 -27.90 0.00 24.16
13 7.92 0.00 -27.56 0.00 22.39
14 8.65 0.00 -14.47 0.00 19.23
15 8.91 0.00 -14.47 0.00 19.30
16 9.16 0.00 -17.57 0.00 17.02
17 10.15 0.00 -31.69 0.00 15.23
18 10.40 0.00 -32.72 0.00 4.50
19 11.64 0.00 -26.18 0.00 13.21
20 11.98 0.00 -26.87 0.00 9.41
21 12.16 0.00 -28.59 0.00 10.13
22 12.38 -0.01 -28.93 0.00 7.18
23 12.83 0.00 -25.14 0.00 7.66
24 13.37 0.00 -27.21 0.00 10.23
25 13.59 0.00 -25.14 0.00 12.95
26 16.31 0.00 32.72 0.00 16.27
27 16.61 0.00 33.41 0.00 13.87
frameEnd
frameHead right ak
1925 34 0
0 5.70 0.01 -39.72 0.00 18.42
1 3.71 0.00 -1.03 0.00 12.90
2 7.81 0.01 -27.34 0.00 22.39
3 1.44 0.00 -23.46 0.00 34.50
4 1.73 0.00 -21.07 0.00 31.11
5 11.79 0.01 -28.07 0.00 10.13
6 5.41 0.00 -41.19 0.00 19.17
7 3.82 0.01 -2.11 0.00 9.72
8 10.23 0.04 -37.18 0.00 16.71
9 16.51 0.06 34.54 0.00 15.83
10 16.46 0.07 35.11 0.00 13.34
11 4.21 0.00 -1.42 0.00 10.32
12 5.21 0.00 -42.14 0.00 17.53
13 6.83 0.00 -30.46 0.00 11.20
14 7.07 -0.01 -32.72 0.00 8.31
15 9.14 0.00 -18.19 0.00 17.02
16 12.85 0.02 -25.03 0.00 7.66
17 8.79 0.00 -14.63 0.00 19.30
18 13.37 0.00 -27.21 0.00 10.23
19 16.52 0.01 33.66 0.00 13.87
20 7.68 -0.01 -28.35 0.00 24.16
21 11.43 -0.04 -27.45 0.00 15.21
22 16.45 -0.01 32.40 0.00 16.27
23 10.61 -0.12 -34.53 0.00 4.50
24 10.32 0.02 -30.11 0.00 15.23
25 15.24 0.00 60.25 0.00 21.67
26 11.74 -0.05 -26.26 0.00 13.21
27 15.12 0.00 56.66 0.00 22.15
28 12.18 0.10 -23.67 0.00 12.95
29 6.44 0.00 -32.91 0.00 14.71
30 6.90 0.01 -28.59 0.00 10.94
31 12.05 0.02 -27.57 0.00 9.41
32 12.46 -0.07 -28.86 0.00 7.18
33 8.78 0.00 -14.83 0.00 19.23
frameEnd
frameHead left bk
11 13 34 727
0 1 1 0 0 0 0
2597 13 0
0 3.47 0.01 26.87 0.00 10.79
1 3.70 0.01 33.76 0.00 7.44
2 4.47 0.00 -50.29 0.00 23.29
3 4.70 0.00 -48.57 0.00 19.71
4 12.88 0.00 40.99 0.00 21.73
5 13.22 0.00 41.33 0.00 27.16
6 13.37 0.00 40.64 0.00 26.04
7 14.86 0.00 45.12 0.00 16.28
8 15.40 0.00 43.06 0.00 17.57
9 16.36 0.00 18.26 0.00 18.28
10 16.59 0.00 19.63 0.00 14.41
11 17.52 0.00 5.51 0.00 21.64
12 17.83 0.00 4.13 0.00 16.64
frameEnd
frameHead left ak
2597 22 0
0 16.48 0.01 17.94 0.00 14.41
1 4.59 0.00 -51.07 0.00 23.29
2 13.36 0.00 40.67 0.00 26.04
3 13.16 0.05 41.57 0.00 27.42
4 13.19 -0.05 41.72 0.00 27.34
5 17.44 0.04 10.14 0.00 19.06
6 17.38 0.07 6.47 0.00 16.64
7 17.19 0.00 7.73 0.00 19.95
8 4.71 0.00 -48.63 0.00 19.71
9 16.47 0.00 18.21 0.00 18.28
10 16.46 0.00 17.81 0.00 13.98
11 17.48 -0.03 6.79 0.00 20.71
12 17.62 0.01 5.27 0.00 21.64
13 12.88 0.00 40.83 0.00 21.73
14 3.47 0.01 26.87 0.00 10.79
15 19.97 0.01 39.21 0.00 18.45
16 22.72 0.01 -11.15 0.00 10.20
17 3.70 0.01 33.76 0.00 7.44
18 19.97 0.00 40.07 0.00 20.89
19 14.86 0.00 45.12 0.00 16.28
20 13.07 0.03 41.35 0.00 27.16
21 15.40 0.00 43.06 0.00 17.57
frameEnd
frameHead left bk
11 13 34 764
0 1 1 0 0 0 0
2598 13 0
0 4.47 0.00 -52.01 0.00 23.01
1 4.70 0.00 -51.32 0.00 19.51
2 4.95 0.00 -53.39 0.00 7.27
3 13.20 0.00 42.02 0.00 27.30
4 13.37 0.00 41.33 0.00 25.83
5 14.86 0.00 46.50 0.00 16.84
6 15.43 0.00 45.81 0.00 16.80
7 16.36 -0.01 17.22 0.00 17.77
8 16.65 0.00 17.91 0.00 13.06
9 17.83 0.00 3.79 0.00 16.40
10 18.32 0.00 4.82 0.00 7.07
11 22.69 0.00 -10.68 0.00 10.88
12 23.14 0.00 -10.68 0.00 7.00
frameEnd
frameHead left ak
2598 22 0
0 16.51 0.01 18.00 0.00 13.06
1 4.59 0.01 -51.07 0.00 19.51
2 13.36 0.00 40.68 0.00 26.04
3 13.17 0.06 41.57 0.00 25.83
4 13.19 -0.04 41.75 0.00 27.30
5 4.95 0.00 -53.39 0.00 7.27
6 17.44 0.05 10.40 0.00 19.06
7 17.38 0.07 6.42 0.00 16.64
8 17.25 0.06 6.44 0.00 16.40
9 4.59 0.02 -50.56 0.00 23.01
10 16.46 0.00 17.94 0.00 17.77
11 16.46 0.00 17.81 0.00 13.98
12 17.48 -0.03 6.81 0.00 20.71
13 17.70 0.05 5.14 0.00 7.07
14 12.88 0.00 40.84 0.00 21.73
15 14.86 0.00 46.50 0.00 16.84
16 19.98 0.01 39.22 0.00 18.45
17 22.71 0.00 -10.87 0.00 10.88
18 23.14 0.00 -10.68 0.00 7.00
19 19.97 0.00 40.16 0.00 20.89
20 15.43 0.00 45.72 0.00 16.80
21 13.07 0.03 41.38 0.00 27.16
frameEnd
frameHead right bk
11 13 34 788
0 1 1 0 0 0 0
1926 26 0
0 1.44 0.00 -23.08 0.00 34.23
1 1.73 0.00 -20.67 0.00 30.71
2 3.71 0.01 -1.03 0.00 13.62
3 3.96 0.01 -2.07 0.00 10.04
4 4.21 0.01 -1.72 0.00 9.47
5 4.95 0.00 -39.96 0.00 14.62
6 5.20 0.00 -41.68 0.00 18.66
7 5.70 0.00 -40.99 0.00 19.30
8 6.02 0.00 -44.09 0.00 11.82
9 6.44 0.00 -33.41 0.00 14.26
10 6.73 0.01 -32.38 0.00 9.36
11 6.96 0.01 -29.62 0.00 13.16
12 7.07 0.00 -32.38 0.00 10.02
13 7.68 0.00 -28.24 0.00 23.83
14 7.92 0.00 -27.56 0.00 21.40
15 8.67 0.00 -15.50 0.00 20.25
16 8.91 0.00 -15.50 0.00 21.13
17 9.16 0.00 -18.60 0.00 19.11
18 9.86 0.00 -34.79 0.00 16.66
19 10.15 0.00 -31.69 0.00 14.97
20 10.90 0.02 -29.28 0.00 12.25
21 11.39 0.00 -26.18 0.00 17.82
22 13.37 0.00 -27.21 0.00 11.10
23 13.57 0.00 -25.49 0.00 13.82
24 16.84 0.00 34.44 0.00 17.50
25 17.10 0.00 31.00 0.00 21.69
frameEnd
frameHead right ak
1926 35 0
0 5.63 -0.02 -39.70 0.00 14.62
1 3.71 0.01 -1.03 0.00 13.62
2 7.82 0.01 -27.38 0.00 21.40
3 1.44 0.00 -23.46 0.00 34.23
4 1.73 0.00 -21.04 0.00 30.71
5 6.02 0.00 -44.09 0.00 11.82
6 5.45 0.01 -40.93 0.00 19.30
7 3.84 0.01 -2.14 0.00 10.04
8 6.73 0.01 -32.38 0.00 9.36
9 10.23 0.05 -37.73 0.00 16.71
10 16.54 0.07 34.44 0.00 17.50
11 16.46 0.07 35.08 0.00 13.34
12 4.21 0.01 -1.61 0.00 9.47
13 5.20 0.00 -41.90 0.00 18.66
14 6.85 0.01 -29.63 0.00 13.16
15 7.07 0.00 -32.39 0.00 10.02
16 9.14 0.00 -18.14 0.00 19.11
17 12.90 0.05 -25.02 0.00 13.82
18 8.80 0.00 -14.76 0.00 21.13
19 13.37 0.00 -27.21 0.00 11.10
20 16.52 0.01 33.75 0.00 13.87
21 7.68 0.00 -28.33 0.00 23.83
22 11.43 -0.04 -27.52 0.00 15.21
23 16.54 0.01 32.06 0.00 21.69
24 10.56 -0.13 -34.69 0.00 16.66
25 10.35 0.04 -30.03 0.00 12.25
26 15.24 0.00 60.37 0.00 21.67
27 11.69 -0.06 -26.26 0.00 17.82
28 10.15 0.00 -31.69 0.00 14.97
29 15.12 0.01 56.75 0.00 22.15
30 12.19 0.10 -23.70 0.00 12.95
31 6.44 0.00 -33.16 0.00 14.26
32 12.05 0.02 -27.57 0.00 9.41
33 12.45 -0.06 -28.87 0.00 7.18
34 8.77 0.00 -14.92 0.00 20.25
frameEnd
frameHead left bk
11 13 34 810
0 1 1 0 0 0 0
2599 11 0
0 4.47 0.00 -52.01 0.00 23.16
1 4.70 0.00 -51.32 0.00 19.81
2 4.95 0.01 -60.28 0.00 5.60
3 13.20 0.00 41.33 0.00 27.24
4 13.37 0.00 41.33 0.00 25.64
5 16.36 0.00 17.22 0.00 18.05
6 16.59 0.00 18.94 0.00 15.12
7 17.52 0.00 5.17 0.00 21.53
8 18.08 0.00 7.23 0.00 3.85
9 19.86 0.00 36.17 0.00 20.66
10 20.06 0.00 39.61 0.00 17.99
frameEnd
frameHead left ak
2599 19 0
0 16.52 0.01 18.29 0.00 15.12
1 4.60 0.01 -51.06 0.00 19.81
2 13.36 0.00 40.82 0.00 25.64
3 13.17 0.06 41.58 0.00 25.83
4 13.19 -0.04 41.76 0.00 27.30
5 4.48 0.00 -51.88 0.00 23.16
6 17.44 0.06 10.67 0.00 19.06
7 17.39 0.07 6.35 0.00 16.64
8 17.25 0.06 6.30 0.00 16.40
9 4.95 0.01 -60.28 0.00 5.60
10 16.46 0.00 17.91 0.00 17.77
11 16.46 0.00 17.64 0.00 18.05
12 17.53 0.01 6.88 0.00 3.85
13 17.68 0.03 5.18 0.00 21.53
14 12.88 0.00 40.85 0.00 21.73
15 19.98 0.01 39.35 0.00 17.99
16 22.71 0.00 -10.82 0.00 10.88
17 19.96 0.01 38.91 0.00 20.66
18 13.09 0.02 41.38 0.00 27.24
frameEnd
frameHead right bk
11 13 34 841
0 1 1 0 0 0 0
1927 33 0
0 1.44 0.00 -23.08 0.00 34.58
1 1.73 0.00 -21.01 0.00 31.35
2 3.71 0.00 0.00 0.00 13.32
3 3.96 0.00 -1.03 0.00 10.29
4 4.21 0.00 -0.34 0.00 10.49
5 4.95 0.00 -40.30 0.00 14.21
6 5.20 0.00 -41.68 0.00 18.64
7 5.48 0.00 -40.99 0.00 21.04
8 5.70 0.00 -39.96 0.00 21.57
9 6.19 0.00 -35.82 0.00 14.36
10 6.44 0.00 -34.44 0.00 12.30
11 6.98 0.00 -32.72 0.00 14.62
12 7.09 0.00 -32.72 0.00 12.07
13 7.43 0.00 -28.59 0.00 20.52
14 7.92 0.00 -27.56 0.00 22.55
15 8.19 0.00 -22.39 0.00 18.98
16 8.68 0.00 -14.81 0.00 19.69
17 8.91 0.00 -15.84 0.00 21.10
18 9.16 0.00 -19.29 0.00 19.57
19 10.15 0.00 -31.00 0.00 14.92
20 10.40 0.01 -27.56 0.00 8.92
21 11.73 -0.01 -23.08 0.00 8.47
22 11.99 0.00 -22.39 0.00 12.10
23 12.13 0.00 -24.80 0.00 11.70
24 12.63 0.01 -26.52 0.00 6.94
25 12.86 -0.01 -26.87 0.00 8.86
26 13.59 0.00 -25.83 0.00 15.07
27 13.87 0.00 -23.08 0.00 11.20
28 15.10 0.00 56.14 0.00 22.59
29 15.24 0.00 59.24 0.00 22.16
30 16.10 0.00 31.69 0.00 11.48
31 16.59 0.00 34.10 0.00 13.88
32 16.84 0.00 34.44 0.00 15.33
frameEnd
frameHead right ak
1927 39 0
0 5.64 -0.01 -39.72 0.00 21.57
1 3.84 0.01 -1.03 0.00 10.29
2 7.83 0.01 -27.42 0.00 22.55
3 1.44 0.00 -23.45 0.00 34.58
4 1.73 0.00 -21.04 0.00 31.35
5 3.71 0.00 0.00 0.00 13.32
6 5.45 0.01 -40.76 0.00 21.04
7 3.90 0.02 -1.38 0.00 10.49
8 6.98 0.00 -32.70 0.00 14.62
9 10.23 0.07 -38.31 0.00 16.71
10 16.54 0.07 34.37 0.00 17.50
11 16.50 0.08 34.73 0.00 15.33
12 4.95 0.00 -40.30 0.00 14.21
13 5.20 0.00 -41.77 0.00 18.64
14 7.08 0.00 -32.56 0.00 12.07
15 9.14 0.00 -18.18 0.00 19.57
16 12.84 0.01 -25.03 0.00 11.70
17 8.80 0.01 -14.93 0.00 21.10
18 13.12 -0.01 -27.04 0.00 8.86
19 16.52 0.01 33.88 0.00 13.88
20 7.66 -0.01 -28.43 0.00 20.52
21 11.35 -0.08 -27.56 0.00 8.92
22 16.49 0.00 32.01 0.00 11.48
23 10.56 -0.13 -34.81 0.00 16.66
24 10.35 0.04 -30.02 0.00 12.25
25 15.25 0.00 59.95 0.00 22.16
26 11.69 -0.05 -26.28 0.00 17.82
27 10.15 0.00 -31.03 0.00 14.92
28 15.12 0.00 56.54 0.00 22.59
29 6.19 0.00 -35.82 0.00 14.36
30 12.12 0.04 -23.41 0.00 8.47
31 6.44 0.00 -34.44 0.00 12.30
32 8.19 0.00 -22.39 0.00 18.98
33 12.11 0.04 -27.45 0.00 6.94
34 11.99 0.00 -22.39 0.00 12.10
35 13.59 0.00 -25.83 0.00 15.07
36 13.87 0.00 -23.08 0.00 11.20
37 12.45 -0.06 -28.88 0.00 7.18
38 8.77 -0.01 -14.89 0.00 19.69
frameEnd
frameHead left bk
11 13 34 858
0 1 1 0 0 0 0
2600 14 0
0 4.47 0.00 -51.67 0.00 23.16
1 4.70 0.00 -50.98 0.00 19.08
2 4.95 -0.01 -49.26 0.00 4.70
3 12.88 0.00 40.30 0.00 22.10
4 13.20 0.00 41.33 0.00 27.54
5 13.37 0.00 40.99 0.00 25.67
6 16.36 0.00 17.57 0.00 17.91
7 16.67 0.00 17.91 0.00 13.55
8 17.09 0.00 9.99 0.00 20.77
9 17.33 0.00 8.27 0.00 22.25
10 19.87 0.00 36.51 0.00 21.28
11 20.06 0.00 38.58 0.00 18.65
12 27.98 0.01 -19.98 0.00 4.81
13 28.48 -0.01 -22.39 0.00 2.39
frameEnd
frameHead left ak
2600 21 0
0 16.52 0.01 18.41 0.00 15.12
1 4.60 0.01 -51.02 0.00 19.08
2 13.36 0.00 40.87 0.00 25.67
3 13.18 0.06 41.60 0.00 25.83
4 13.19 -0.05 41.76 0.00 27.30
5 4.47 0.00 -51.75 0.00 23.16
6 17.41 0.01 10.35 0.00 20.77
7 17.39 0.07 6.29 0.00 16.64
8 17.26 0.06 6.16 0.00 16.40
9 4.95 -0.01 -49.26 0.00 4.70
10 16.47 0.00 17.86 0.00 13.55
11 16.45 -0.01 17.62 0.00 17.91
12 17.51 0.00 7.29 0.00 22.25
13 17.68 0.03 5.23 0.00 21.53
14 12.88 0.00 40.61 0.00 22.10
15 27.98 0.01 -19.98 0.00 4.81
16 19.97 0.00 38.59 0.00 21.28
17 22.71 0.00 -10.76 0.00 10.88
18 28.48 -0.01 -22.39 0.00 2.39
19 19.97 0.01 38.78 0.00 18.65
20 13.10 0.02 41.38 0.00 27.54
frameEnd
frameHead right bk
11 13 34 913
0 1 1 0 0 0 0
1928 29 0
0 1.44 0.00 -24.46 0.00 34.25
1 1.73 0.00 -21.36 0.00 31.16
2 3.71 0.00 -4.48 0.00 14.78
3 3.96 0.00 -4.48 0.00 11.48
4 4.21 0.00 -2.76 0.00 10.75
5 5.20 0.00 -42.71 0.00 18.49
6 5.48 0.00 -41.68 0.00 21.17
7 5.70 0.00 -39.96 0.00 21.42
8 6.14 0.00 -35.82 0.00 14.01
9 6.44 0.00 -36.86 0.00 13.44
10 6.69 0.00 -34.44 0.00 13.43
11 7.10 0.00 -30.31 0.00 10.12
12 7.43 0.00 -27.56 0.00 19.39
13 7.69 0.00 -27.56 0.00 23.84
14 8.65 0.00 -14.47 0.00 20.19
15 8.91 0.00 -15.84 0.00 21.07
16 9.16 0.00 -19.63 0.00 18.95
17 9.80 0.00 -34.44 0.00 17.18
18 10.15 0.00 -30.66 0.00 15.77
19 10.40 0.00 -31.69 0.00 9.72
20 11.39 0.00 -25.83 0.00 16.12
21 11.64 0.00 -25.83 0.00 12.12
22 11.82 0.00 -26.52 0.00 11.05
23 13.37 0.00 -25.49 0.00 12.02
24 13.57 0.00 -25.14 0.00 14.54
25 16.10 0.00 32.38 0.00 11.92
26 16.34 0.00 31.34 0.00 16.02
27 16.56 0.00 33.07 0.00 14.24
28 16.84 0.00 33.07 0.00 16.68
frameEnd
frameHead right ak
1928 36 0
0 5.64 -0.01 -39.76 0.00 21.42
1 3.88 0.04 -3.15 0.00 11.48
2 7.82 0.00 -27.45 0.00 23.84
3 1.44 0.00 -23.48 0.00 34.25
4 1.73 0.00 -21.07 0.00 31.16
5 3.73 0.00 -4.44 0.00 14.78
6 3.94 0.02 -1.90 0.00 10.75
7 5.20 0.00 -42.71 0.00 18.49
8 10.24 0.09 -38.98 0.00 16.71
9 16.55 0.07 34.29 0.00 17.50
10 16.53 0.09 34.14 0.00 16.68
11 6.44 0.00 -36.86 0.00 13.44
12 5.27 0.01 -41.70 0.00 21.17
13 16.34 0.00 31.34 0.00 16.02
14 7.09 0.01 -31.51 0.00 10.12
15 9.14 0.00 -18.25 0.00 18.95
16 12.84 0.01 -25.02 0.00 11.70
17 8.81 0.01 -15.09 0.00 21.07
18 16.53 0.01 33.82 0.00 14.24
19 7.64 -0.01 -28.17 0.00 19.39
20 11.35 -0.07 -27.34 0.00 16.12
21 16.44 -0.01 32.14 0.00 11.92
22 10.50 -0.14 -34.92 0.00 17.18
23 10.36 0.04 -30.11 0.00 9.72
24 15.25 0.00 60.01 0.00 22.16
25 11.71 -0.03 -26.41 0.00 11.05
26 10.15 0.00 -30.84 0.00 15.77
27 15.12 0.00 56.61 0.00 22.59
28 6.14 0.00 -35.82 0.00 14.01
29 12.06 0.00 -23.88 0.00 12.12
30 6.68 0.00 -34.44 0.00 13.43
31 12.11 0.04 -27.45 0.00 6.94
32 13.37 0.00 -25.51 0.00 12.02
33 13.58 0.00 -25.00 0.00 14.54
34 12.44 -0.06 -28.90 0.00 7.18
35 8.76 -0.01 -14.82 0.00 20.19
frameEnd
frameHead left bk
11 13 34 918
0 1 1 0 0 0 0
2601 15 0
0 4.47 0.00 -52.36 0.00 23.37
1 4.70 0.00 -51.32 0.00 19.71
2 12.88 0.00 40.30 0.00 21.90
3 13.20 0.00 41.33 0.00 27.45
4 13.37 0.00 40.99 0.00 25.93
5 16.34 0.00 16.88 0.00 18.08
6 16.68 0.00 18.94 0.00 13.05
7 17.09 0.00 9.99 0.00 20.12
8 17.33 0.00 8.27 0.00 22.42
9 18.73 0.01 -51.67 0.00 3.15
10 19.13 0.02 -50.63 0.00 -1.65
11 20.30 0.00 40.99 0.00 13.86
12 20.55 0.00 38.92 0.00 6.69
13 22.72 0.01 -10.33 0.00 10.92
14 23.03 0.01 -9.99 0.00 7.19
frameEnd
frameHead left ak
2601 21 0
0 16.54 0.02 18.64 0.00 13.05
1 4.61 0.01 -51.02 0.00 19.71
2 13.36 0.00 40.91 0.00 25.93
3 13.18 0.06 41.62 0.00 25.83
4 13.18 -0.05 41.76 0.00 27.30
5 4.47 0.00 -52.04 0.00 23.37
6 17.38 -0.01 10.44 0.00 20.12
7 17.39 0.07 6.23 0.00 16.64
8 17.26 0.07 6.01 0.00 16.40
9 18.73 0.01 -51.67 0.00 3.15
10 16.47 0.00 17.83 0.00 13.55
11 16.45 -0.01 17.44 0.00 18.08
12 17.50 -0.01 7.55 0.00 22.42
13 17.68 0.03 5.28 0.00 21.53
14 12.88 0.00 40.48 0.00 21.90
15 19.13 0.02 -50.63 0.00 -1.65
16 20.00 0.01 39.08 0.00 13.86
17 22.72 0.01 -10.51 0.00 10.92
18 23.03 0.01 -9.99 0.00 7.19
19 20.01 0.03 38.62 0.00 6.69
20 13.11 0.02 41.38 0.00 27.45
frameEnd
frameHead left bk
11 13 34 964
0 1 1 0 0 0 0
2602 11 0
0 3.47 0.00 26.52 0.00 9.90
1 3.71 -0.02 33.07 0.00 4.63
2 4.47 0.00 -52.36 0.00 23.46
3 4.70 0.00 -51.67 0.00 19.84
4 4.95 0.00 -57.18 0.00 6.33
5 13.22 0.00 41.33 0.00 27.23
6 13.37 0.00 40.30 0.00 25.88
7 16.34 0.00 17.57 0.00 17.80
8 16.67 0.00 17.22 0.00 12.74
9 17.09 0.00 10.68 0.00 20.90
10 17.33 0.00 8.27 0.00 22.84
frameEnd
frameHead left ak
2602 21 0
0 16.55 0.01 18.37 0.00 12.74
1 4.61 0.01 -51.07 0.00 19.84
2 13.36 0.00 40.83 0.00 25.88
3 13.18 0.07 41.64 0.00 25.83
4 13.18 -0.05 41.76 0.00 27.30
5 4.47 0.00 -52.23 0.00 23.46
6 17.36 -0.01 10.71 0.00 20.90
7 17.40 0.08 6.16 0.00 16.64
8 17.26 0.07 5.85 0.00 16.40
9 3.47 0.00 26.52 0.00 9.90
10 16.48 0.00 17.79 0.00 13.55
11 16.44 -0.01 17.45 0.00 17.80
12 17.49 -0.01 7.76 0.00 22.84
13 17.68 0.03 5.33 0.00 21.53
14 12.88 0.00 40.43 0.00 21.90
15 3.71 -0.02 33.07 0.00 4.63
16 20.00 0.02 39.08 0.00 13.86
17 22.72 0.01 -10.44 0.00 10.92
18 4.95 0.00 -57.18 0.00 6.33
19 20.01 0.03 38.56 0.00 6.69
20 13.12 0.02 41.38 0.00 27.23
frameEnd
frameHead right bk
11 13 34 987
0 1 1 0 0 0 0
1929 30 0
0 1.44 0.00 -23.77 0.00 34.37
1 1.73 0.00 -21.70 0.00 30.88
2 3.71 0.00 -3.10 0.00 13.44
3 3.96 0.00 -2.76 0.00 9.44
4 4.21 0.00 -1.38 0.00 8.63
5 4.95 0.00 -40.99 0.00 14.96
6 5.20 0.00 -41.33 0.00 18.48
7 5.70 0.00 -40.64 0.00 20.50
8 6.04 0.00 -42.71 0.00 13.83
9 6.44 0.00 -32.72 0.00 13.61
10 6.70 0.00 -28.24 0.00 9.87
11 6.93 0.00 -27.56 0.00 13.14
12 7.09 0.00 -32.72 0.00 8.41
13 7.69 0.00 -27.90 0.00 24.18
14 7.92 0.00 -27.21 0.00 22.86
15 8.22 0.00 -24.11 0.00 20.42
16 8.68 0.00 -14.81 0.00 19.97
17 8.91 0.00 -15.50 0.00 21.08
18 9.16 0.00 -19.29 0.00 19.56
19 9.87 0.00 -33.41 0.00 17.13
20 10.15 0.00 -31.69 0.00 16.01
21 10.60 -0.01 -34.10 0.00 8.90
22 10.90 0.00 -35.48 0.00 10.23
23 11.39 0.00 -26.52 0.00 17.10
24 11.64 0.00 -26.18 0.00 13.08
25 11.89 0.00 -30.31 0.00 12.83
26 12.10 0.01 -29.28 0.00 14.38
27 16.33 0.00 33.41 0.00 16.30
28 16.54 0.00 36.51 0.00 14.51
29 16.84 0.00 32.72 0.00 17.45
frameEnd
frameHead right ak
1929 38 0
0 5.65 -0.01 -40.05 0.00 20.50
1 3.84 0.01 -3.41 0.00 13.44
2 7.83 0.00 -27.38 0.00 22.86
3 1.44 0.00 -23.49 0.00 34.37
4 1.73 0.00 -21.12 0.00 30.88
5 3.84 0.00 -3.51 0.00 9.44
6 4.95 0.00 -40.99 0.00 14.96
7 3.97 0.02 -1.69 0.00 8.63
8 6.03 0.00 -42.71 0.00 13.83
9 10.25 0.11 -39.63 0.00 16.71
10 16.55 0.08 34.21 0.00 17.50
11 16.53 0.09 34.04 0.00 16.68
12 6.70 0.00 -28.24 0.00 9.87
13 5.26 0.00 -41.49 0.00 18.48
14 6.93 0.00 -27.56 0.00 13.14
15 7.09 0.00 -31.92 0.00 8.41
16 9.14 0.00 -18.29 0.00 19.56
17 12.85 0.01 -25.01 0.00 11.70
18 8.81 0.01 -15.17 0.00 21.08
19 8.22 0.00 -24.11 0.00 20.42
20 16.51 0.01 33.85 0.00 16.30
21 7.64 -0.01 -28.05 0.00 24.18
22 11.36 -0.06 -27.26 0.00 17.10
23 16.48 0.01 32.31 0.00 17.45
24 10.53 -0.10 -35.07 0.00 10.23
25 10.44 0.08 -30.04 0.00 12.83
26 15.24 0.00 60.06 0.00 22.16
27 11.70 -0.02 -26.36 0.00 13.08
28 10.15 0.00 -31.18 0.00 16.01
29 15.12 0.00 56.68 0.00 22.59
30 9.87 0.00 -33.41 0.00 17.13
31 12.06 0.00 -23.92 0.00 12.12
32 6.56 0.00 -33.51 0.00 13.61
33 10.60 -0.01 -34.10 0.00 8.90
34 12.11 0.04 -27.44 0.00 6.94
35 16.54 0.00 36.51 0.00 14.51
36 12.42 -0.07 -28.96 0.00 14.38
37 8.76 -0.01 -14.80 0.00 19.97
frameEnd
frameHead left bk
11 13 35 008
0 1 1 0 0 0 0
2603 15 0
0 3.47 0.00 26.18 0.00 9.58
1 3.68 0.00 32.03 0.00 5.27
2 4.47 0.00 -51.67 0.00 23.42
3 4.70 0.00 -49.94 0.00 19.89
4 12.88 0.00 40.64 0.00 22.26
5 13.22 0.00 41.33 0.00 27.28
6 13.37 0.00 40.30 0.00 25.80
7 14.86 0.00 47.19 0.00 17.40
8 15.46 0.00 46.16 0.00 17.96
9 16.34 0.00 17.57 0.00 18.03
10 16.65 0.00 19.63 0.00 12.88
11 17.09 0.00 10.33 0.00 20.76
12 17.33 0.00 8.27 0.00 22.26
13 19.87 0.00 37.89 0.00 20.56
14 20.06 0.00 39.96 0.00 18.27
frameEnd
frameHead left ak
2603 22 0
0 16.56 0.01 18.74 0.00 12.88
1 4.60 0.01 -51.11 0.00 23.42
2 13.36 0.00 40.76 0.00 25.80
3 13.19 0.07 41.66 0.00 25.83
4 13.18 -0.05 41.77 0.00 27.30
5 4.52 0.01 -51.21 0.00 19.89
6 17.34 -0.02 10.88 0.00 20.76
7 17.40 0.08 6.10 0.00 16.64
8 17.27 0.08 5.69 0.00 16.40
9 3.47 0.00 26.18 0.00 9.58
10 16.48 0.00 17.75 0.00 13.55
11 16.44 -0.01 17.46 0.00 18.03
12 17.48 -0.01 7.92 0.00 22.26
13 17.68 0.04 5.39 0.00 21.53
14 12.88 0.00 40.49 0.00 22.26
15 3.68 0.00 32.03 0.00 5.27
16 20.00 0.01 39.31 0.00 18.27
17 22.72 0.01 -10.36 0.00 10.92
18 14.86 0.00 47.19 0.00 17.40
19 20.00 0.02 38.45 0.00 20.56
20 15.46 0.00 46.16 0.00 17.96
21 13.12 0.02 41.37 0.00 27.28
frameEnd
frameHead right bk
11 13 35 052
0 1 1 0 0 0 0
1930 28 0
0 1.44 0.00 -23.08 0.00 34.41
1 1.73 0.00 -20.32 0.00 30.92
2 3.71 0.00 -3.10 0.00 14.34
3 3.96 0.00 -2.76 0.00 10.94
4 4.21 0.00 -1.03 0.00 10.58
5 5.20 0.00 -41.68 0.00 18.35
6 5.43 0.00 -41.68 0.00 19.85
7 5.70 0.00 -40.99 0.00 19.40
8 6.44 -0.01 -32.72 0.00 11.33
9 6.67 0.03 -29.97 0.00 11.23
10 6.95 0.01 -30.31 0.00 14.32
11 7.09 0.01 -32.38 0.00 9.01
12 7.68 0.00 -27.56 0.00 24.12
13 7.92 0.00 -26.87 0.00 22.24
14 8.68 0.00 -14.47 0.00 19.67
15 8.91 0.00 -15.16 0.00 20.76
16 9.16 0.00 -18.60 0.00 18.92
17 9.84 0.00 -33.76 0.00 17.48
18 10.15 0.00 -30.66 0.00 15.81
19 10.40 0.00 -32.03 0.00 6.40
20 11.64 -0.01 -21.70 0.00 13.10
21 12.01 0.01 -27.21 0.00 10.43
22 12.38 0.01 -24.80 0.00 3.32
23 12.55 0.00 -28.24 0.00 6.35
24 12.83 -0.01 -27.56 0.00 6.91
25 16.31 0.00 32.03 0.00 15.27
26 16.59 0.00 35.13 0.00 13.98
27 16.84 0.00 35.13 0.00 14.95
frameEnd
frameHead right ak
1930 35 0
0 5.65 0.00 -40.43 0.00 19.40
1 3.87 0.01 -3.42 0.00 10.94
2 7.82 0.00 -27.43 0.00 24.12
3 1.44 0.00 -23.49 0.00 34.41
4 1.73 0.00 -21.07 0.00 30.92
5 3.80 0.00 -3.17 0.00 14.34
6 6.95 0.01 -30.31 0.00 14.32
7 4.00 0.02 -1.38 0.00 10.58
8 5.73 0.00 -42.16 0.00 19.85
9 10.25 0.13 -40.33 0.00 16.71
10 16.55 0.05 34.59 0.00 13.98
11 16.56 0.08 34.25 0.00 14.95
12 6.67 0.04 -29.93 0.00 11.23
13 5.25 0.00 -41.52 0.00 18.35
14 7.92 0.00 -26.97 0.00 22.24
15 7.09 0.01 -32.09 0.00 9.01
16 9.14 0.00 -18.23 0.00 18.92
17 12.81 -0.01 -25.01 0.00 3.32
18 8.82 0.02 -15.19 0.00 20.76
19 12.83 -0.01 -27.56 0.00 6.91
20 16.51 0.01 33.95 0.00 16.30
21 11.35 -0.06 -27.32 0.00 17.10
22 16.47 0.00 32.25 0.00 15.27
23 10.52 -0.10 -35.20 0.00 10.23
24 10.44 0.07 -30.15 0.00 6.40
25 15.24 0.00 60.10 0.00 22.16
26 11.70 -0.02 -26.40 0.00 13.08
27 10.15 0.00 -31.00 0.00 15.81
28 15.12 0.00 56.76 0.00 22.59
29 9.84 0.00 -33.74 0.00 17.48
30 12.01 -0.03 -23.44 0.00 13.10
31 6.52 -0.01 -33.06 0.00 11.33
32 12.10 0.03 -27.44 0.00 10.43
33 12.43 -0.06 -28.89 0.00 6.35
34 8.76 -0.01 -14.74 0.00 19.67
frameEnd
frameHead left bk
11 13 35 076
0 1 1 0 0 0 0
2604 12 0
0 4.47 0.00 -52.36 0.00 23.50
1 4.70 0.00 -50.29 0.00 20.09
2 4.95 0.00 -54.08 0.00 8.32
3 12.88 0.00 40.99 0.00 21.94
4 13.22 0.00 41.68 0.00 27.52
5 13.37 0.00 40.64 0.00 26.10
6 16.36 0.00 17.22 0.00 16.93
7 16.65 0.00 18.60 0.00 12.71
8 17.09 0.00 9.30 0.00 20.57
9 17.33 0.00 7.58 0.00 22.00
10 19.87 0.00 37.89 0.00 20.10
11 20.06 0.00 40.30 0.00 17.36
frameEnd
frameHead left ak
2604 19 0
0 16.57 0.01 18.79 0.00 12.71
1 4.60 0.00 -51.24 0.00 23.50
2 13.36 0.00 40.75 0.00 26.10
3 13.19 0.07 41.67 0.00 27.52
4 13.18 -0.05 41.77 0.00 27.30
5 4.55 0.01 -50.68 0.00 20.09
6 17.33 -0.02 10.87 0.00 20.57
7 17.41 0.08 6.03 0.00 16.64
8 17.27 0.08 5.53 0.00 16.40
9 4.95 0.00 -54.08 0.00 8.32
10 16.48 0.00 17.71 0.00 13.55
11 16.43 -0.01 17.40 0.00 16.93
12 17.47 -0.02 7.94 0.00 22.00
13 17.69 0.04 5.45 0.00 21.53
14 12.88 0.00 40.64 0.00 21.94
15 20.00 0.01 39.55 0.00 17.36
16 22.72 0.01 -10.29 0.00 10.92
17 19.99 0.01 38.33 0.00 20.10
18 13.12 0.02 41.38 0.00 27.28
frameEnd
frameHead left bk
11 13 35 109
0 1 1 0 0 0 0
2605 11 0
0 4.47 0.00 -50.98 0.00 23.11
1 4.70 0.00 -49.94 0.00 19.50
2 13.20 0.00 41.33 0.00 27.39
3 13.37 0.00 40.99 0.00 25.54
4 16.36 0.00 16.53 0.00 17.40
5 16.65 0.00 17.22 0.00 12.32
6 17.09 0.00 9.64 0.00 20.28
7 17.33 0.00 7.58 0.00 21.84
8 17.47 0.00 6.89 0.00 22.06
9 23.28 0.00 -9.30 0.00 7.86
10 23.55 0.02 -9.30 0.00 5.14
frameEnd
frameHead left ak
2605 19 0
0 16.55 0.01 18.35 0.00 17.40
1 4.59 0.00 -51.18 0.00 23.11
2 13.36 0.00 40.80 0.00 25.54
3 13.19 0.07 41.69 0.00 27.52
4 13.18 -0.05 41.77 0.00 27.30
5 4.57 0.01 -50.20 0.00 19.50
6 17.31 -0.02 10.94 0.00 20.28
7 17.40 0.05 6.68 0.00 22.06
8 17.28 0.09 5.36 0.00 16.40
9 23.55 0.02 -9.30 0.00 5.14
10 16.48 0.00 17.67 0.00 13.55
11 16.44 0.00 17.34 0.00 12.32
12 17.46 -0.02 7.96 0.00 21.84
13 17.69 0.04 5.51 0.00 21.53
14 12.88 0.00 40.63 0.00 21.94
15 20.00 0.01 39.60 0.00 17.36
16 22.79 0.06 -9.74 0.00 7.86
17 19.99 0.01 38.25 0.00 20.10
18 13.13 0.01 41.37 0.00 27.39
frameEnd
frameHead right bk
11 13 35 139
0 1 1 0 0 0 0
1931 29 0
0 1.44 0.00 -23.08 0.00 34.53
1 1.73 0.00 -20.67 0.00 30.92
2 3.71 0.00 -2.76 0.00 14.11
3 3.96 0.00 -2.76 0.00 10.82
4 4.21 0.01 -1.72 0.00 10.25
5 4.46 0.00 0.00 0.00 8.96
6 5.20 0.00 -40.99 0.00 18.82
7 5.46 0.00 -39.96 0.00 20.99
8 5.70 0.00 -39.27 0.00 20.81
9 6.44 0.01 -33.41 0.00 14.25
10 6.69 -0.02 -29.62 0.00 9.37
11 6.96 0.00 -31.69 0.00 14.85
12 7.09 0.00 -32.03 0.00 12.18
13 7.69 0.00 -27.90 0.00 24.21
14 7.92 0.00 -27.21 0.00 22.91
15 8.68 0.00 -13.43 0.00 19.07
16 8.91 0.00 -15.16 0.00 20.71
17 9.16 0.00 -19.29 0.00 19.16
18 9.81 0.00 -33.41 0.00 17.34
19 10.15 0.00 -30.66 0.00 14.98
20 10.40 0.01 -31.69 0.00 5.45
21 11.39 -0.01 -26.87 0.00 16.05
22 11.64 -0.01 -26.52 0.00 12.59
23 12.09 0.00 -27.90 0.00 10.74
24 12.74 0.02 -23.77 0.00 2.85
25 12.88 0.02 -22.39 0.00 5.46
26 16.36 0.00 30.31 0.00 15.38
27 16.53 0.00 34.44 0.00 13.99
28 16.84 0.00 32.38 0.00 15.90
frameEnd
frameHead right ak
1931 37 0
0 5.64 -0.01 -40.33 0.00 20.99
1 3.88 0.01 -3.34 0.00 10.82
2 7.81 -0.01 -27.59 0.00 24.21
3 1.44 0.00 -23.48 0.00 34.53
4 1.73 0.00 -21.04 0.00 30.92
5 3.78 0.00 -2.82 0.00 14.11
6 6.97 0.00 -31.65 0.00 14.85
7 4.02 0.03 -1.44 0.00 10.25
8 4.46 0.00 0.00 0.00 8.96
9 10.26 0.16 -40.97 0.00 16.71
10 16.54 0.04 34.52 0.00 13.99
11 16.56 0.09 34.17 0.00 14.95
12 6.68 -0.01 -29.73 0.00 9.37
13 5.24 0.00 -41.25 0.00 18.82
14 7.92 0.00 -27.08 0.00 22.91
15 7.09 0.01 -32.05 0.00 12.18
16 9.15 0.00 -18.27 0.00 19.16
17 12.81 -0.01 -25.00 0.00 3.32
18 8.82 0.02 -15.20 0.00 20.71
19 5.70 0.00 -39.27 0.00 20.81
20 16.51 0.01 34.04 0.00 16.30
21 12.88 0.02 -22.39 0.00 5.46
22 11.36 -0.05 -27.29 0.00 16.05
23 16.50 0.01 32.29 0.00 15.90
24 10.52 -0.09 -35.32 0.00 10.23
25 10.44 0.07 -30.23 0.00 5.45
26 15.24 -0.01 60.13 0.00 22.16
27 11.69 -0.01 -26.46 0.00 12.59
28 10.15 0.00 -30.86 0.00 14.98
29 15.12 0.00 56.83 0.00 22.59
30 9.83 0.00 -33.57 0.00 17.34
31 12.09 0.02 -23.55 0.00 2.85
32 6.50 0.00 -33.09 0.00 14.25
33 16.36 0.00 30.31 0.00 15.38
34 12.10 0.02 -27.48 0.00 10.74
35 12.43 -0.05 -28.90 0.00 6.35
36 8.75 -0.01 -14.53 0.00 19.07
frameEnd
frameHead left bk
11 13 35 161
0 1 1 0 0 0 0
2606 13 0
0 4.21 0.00 -53.39 0.00 18.35
1 4.47 0.00 -51.32 0.00 23.49
2 4.70 0.00 -49.94 0.00 20.19
3 13.22 0.00 41.33 0.00 27.20
4 13.37 0.00 40.99 0.00 25.51
5 14.86 0.00 44.43 0.00 16.66
6 15.43 0.00 46.16 0.00 17.22
7 16.36 0.00 18.60 0.00 17.71
8 16.65 0.00 18.26 0.00 13.03
9 17.09 0.00 9.30 0.00 19.54
10 17.33 0.00 7.58 0.00 21.49
11 19.86 0.00 35.82 0.00 20.77
12 20.06 0.00 36.86 0.00 18.58
frameEnd
frameHead left ak
2606 21 0
0 16.56 0.01 18.36 0.00 13.03
1 4.59 0.00 -51.17 0.00 23.49
2 13.36 0.00 40.84 0.00 25.51
3 13.19 0.07 41.71 0.00 27.52
4 13.17 -0.05 41.77 0.00 27.30
5 4.59 0.01 -49.89 0.00 20.19
6 17.30 -0.02 10.96 0.00 19.54
7 17.40 0.05 6.66 0.00 22.06
8 17.28 0.09 5.19 0.00 16.40
9 4.21 0.00 -53.39 0.00 18.35
10 16.47 -0.01 18.04 0.00 17.71
11 16.44 0.00 17.31 0.00 12.32
12 17.46 -0.02 7.98 0.00 21.49
13 17.69 0.04 5.57 0.00 21.53
14 12.88 0.00 40.62 0.00 21.94
15 14.86 0.00 44.43 0.00 16.66
16 20.00 0.01 38.66 0.00 20.77
17 22.79 0.06 -9.64 0.00 7.86
18 15.43 0.00 46.16 0.00 17.22
19 20.00 0.01 37.85 0.00 18.58
20 13.14 0.01 41.35 0.00 27.20
frameEnd
frameHead right bk
11 13 35 189
0 1 1 0 0 0 0
1932 25 0
0 1.44 0.00 -24.11 0.00 34.20
1 1.73 0.00 -20.67 0.00 31.06
2 3.71 0.00 -3.44 0.00 14.30
3 3.96 0.00 -2.76 0.00 11.33
4 4.21 0.01 -1.03 0.00 10.58
5 4.95 0.00 -40.30 0.00 14.96
6 5.20 0.00 -40.99 0.00 18.28
7 5.45 0.00 -40.64 0.00 19.81
8 6.00 0.00 -42.37 0.00 14.89
9 6.27 0.00 -34.79 0.00 16.57
10 6.44 0.00 -33.41 0.00 16.08
11 6.96 0.00 -31.34 0.00 14.32
12 7.07 0.01 -32.38 0.00 11.71
13 7.43 0.00 -28.93 0.00 20.77
14 7.92 0.00 -27.56 0.00 22.79
15 8.19 0.00 -22.39 0.00 19.19
16 8.67 0.00 -13.78 0.00 19.57
17 8.91 0.00 -15.50 0.00 20.75
18 9.16 0.00 -19.29 0.00 18.74
19 10.15 0.00 -32.38 0.00 15.45
20 10.40 0.00 -34.10 0.00 7.30
21 11.64 0.00 -25.83 0.00 12.64
22 12.18 0.00 -26.87 0.00 10.83
23 16.37 0.00 31.34 0.00 16.42
24 16.62 0.00 33.41 0.00 15.67
frameEnd
frameHead right ak
1932 35 0
0 5.62 -0.01 -40.51 0.00 19.81
1 3.86 0.00 -3.57 0.00 14.30
2 7.82 0.00 -27.61 0.00 22.79
3 1.44 0.00 -23.50 0.00 34.20
4 1.73 0.00 -21.02 0.00 31.06
5 3.82 0.01 -2.64 0.00 11.33
6 6.97 0.00 -31.49 0.00 14.32
7 4.04 0.03 -1.22 0.00 10.58
8 6.00 0.00 -42.37 0.00 14.89
9 16.55 0.04 34.46 0.00 13.99
10 16.56 0.07 33.93 0.00 15.67
11 6.93 0.00 -29.35 0.00 20.77
12 5.24 0.00 -41.07 0.00 18.28
13 6.27 0.00 -34.79 0.00 16.57
14 7.09 0.01 -32.18 0.00 11.71
15 9.15 0.00 -18.31 0.00 18.74
16 12.81 -0.01 -24.99 0.00 3.32
17 8.83 0.02 -15.26 0.00 20.75
18 4.96 0.00 -40.43 0.00 14.96
19 16.52 0.01 34.14 0.00 16.30
20 8.19 0.00 -22.39 0.00 19.19
21 11.35 -0.05 -27.35 0.00 16.05
22 16.49 0.01 32.05 0.00 16.42
23 10.51 -0.09 -35.44 0.00 10.23
24 10.44 0.07 -30.22 0.00 5.45
25 15.24 -0.01 60.16 0.00 22.16
26 11.69 -0.01 -26.31 0.00 12.64
27 10.15 0.00 -31.42 0.00 15.45
28 15.12 0.00 56.90 0.00 22.59
29 10.02 0.01 -33.77 0.00 7.30
30 12.09 0.01 -23.58 0.00 2.85
31 6.49 0.00 -33.15 0.00 16.08
32 12.11 0.02 -27.44 0.00 10.83
33 12.42 -0.05 -28.91 0.00 6.35
34 8.75 -0.02 -14.40 0.00 19.57
frameEnd
frameHead left bk
11 13 35 204
0 1 1 0 0 0 0
2607 11 0
0 4.21 0.00 -51.67 0.00 18.51
1 4.47 0.00 -50.98 0.00 23.58
2 12.88 0.00 40.30 0.00 21.89
3 13.20 0.00 40.99 0.00 27.30
4 13.37 0.00 40.30 0.00 25.71
5 16.36 0.00 18.26 0.00 18.10
6 16.68 0.00 18.94 0.00 14.35
7 17.09 0.00 8.96 0.00 19.80
8 17.33 0.00 7.58 0.00 21.63
9 17.83 0.00 6.20 0.00 16.60
10 18.08 0.00 8.96 0.00 9.23
frameEnd
frameHead left ak
2607 19 0
0 16.57 0.01 18.50 0.00 14.35
1 4.59 0.00 -51.13 0.00 23.58
2 13.36 0.00 40.88 0.00 27.30
3 13.20 0.07 41.58 0.00 25.71
4 13.17 -0.05 41.77 0.00 27.30
5 17.29 -0.02 10.94 0.00 19.80
6 17.40 0.05 6.63 0.00 22.06
7 17.29 0.10 5.01 0.00 16.40
8 4.21 0.00 -51.68 0.00 18.51
9 16.46 -0.01 18.09 0.00 18.10
10 16.44 0.00 17.29 0.00 12.32
11 17.45 -0.02 8.01 0.00 21.63
12 17.71 0.04 5.83 0.00 16.60
13 12.88 0.00 40.48 0.00 21.89
14 18.08 0.00 8.96 0.00 9.23
15 20.00 0.01 38.62 0.00 20.77
16 22.80 0.07 -9.53 0.00 7.86
17 20.00 0.01 37.74 0.00 18.58
18 13.14 0.01 41.35 0.00 27.20
frameEnd
frameHead right bk
11 13 35 253
0 1 1 0 0 0 0
1933 31 0
0 1.44 0.00 -23.77 0.00 34.66
1 1.73 0.00 -21.01 0.00 31.29
2 3.71 0.00 -1.03 0.00 14.20
3 3.96 0.00 -1.38 0.00 10.37
4 4.21 0.00 -0.34 0.00 9.53
5 4.95 0.00 -39.61 0.00 14.38
6 5.20 0.00 -40.64 0.00 18.14
7 5.70 0.00 -39.96 0.00 20.60
8 6.04 0.01 -42.37 0.00 14.44
9 6.21 0.00 -35.13 0.00 16.10
10 6.75 -0.01 -30.66 0.00 11.12
11 6.93 0.00 -27.21 0.00 11.91
12 7.09 0.00 -30.66 0.00 7.01
13 7.69 0.00 -28.24 0.00 24.22
14 7.92 0.00 -27.90 0.00 22.43
15 8.67 0.00 -14.47 0.00 19.43
16 8.91 0.00 -15.50 0.00 20.82
17 9.16 0.00 -18.60 0.00 19.15
18 9.90 0.00 -33.41 0.00 16.15
19 10.15 -0.01 -28.93 0.00 15.50
20 10.40 -0.01 -28.59 0.00 8.56
21 11.41 0.00 -26.87 0.00 16.04
22 11.64 0.00 -26.18 0.00 11.67
23 12.13 -0.01 -27.21 0.00 12.27
24 13.37 0.00 -24.11 0.00 10.07
25 13.59 0.00 -24.11 0.00 12.75
26 15.10 0.00 54.42 0.00 22.62
27 15.24 0.00 57.87 0.00 21.87
28 16.33 0.00 32.03 0.00 15.55
29 16.58 0.01 34.44 0.00 14.31
30 16.84 0.00 32.03 0.00 16.14
frameEnd
frameHead right ak
1933 37 0
0 5.63 -0.01 -40.41 0.00 20.60
1 3.84 0.00 -2.64 0.00 14.20
2 7.82 0.00 -27.74 0.00 22.43
3 1.44 0.00 -23.51 0.00 34.66
4 1.73 0.00 -21.02 0.00 31.29
5 7.01 0.00 -31.11 0.00 7.01
6 4.03 0.02 -1.20 0.00 10.37
7 6.04 0.01 -42.37 0.00 14.44
8 4.21 0.00 -0.34 0.00 9.53
9 16.55 0.03 34.42 0.00 14.31
10 16.57 0.07 33.83 0.00 15.67
11 7.12 0.02 -28.76 0.00 24.22
12 5.23 0.00 -40.82 0.00 18.14
13 6.21 0.00 -35.13 0.00 16.10
14 7.04 -0.01 -31.57 0.00 11.12
15 9.15 0.00 -18.27 0.00 19.15
16 12.86 0.02 -24.88 0.00 10.07
17 8.83 0.02 -15.32 0.00 20.82
18 4.96 0.00 -39.93 0.00 14.38
19 16.52 0.01 34.24 0.00 16.30
20 6.97 0.00 -27.87 0.00 11.91
21 11.36 -0.04 -27.30 0.00 16.04
22 16.48 0.00 32.05 0.00 15.55
23 10.50 -0.08 -35.56 0.00 10.23
24 10.43 0.06 -30.17 0.00 15.50
25 15.24 -0.01 60.18 0.00 22.16
26 11.68 -0.01 -26.29 0.00 11.67
27 10.15 0.00 -31.52 0.00 15.45
28 15.14 0.02 57.52 0.00 21.87
29 9.99 0.00 -33.64 0.00 16.15
30 12.24 0.09 -23.75 0.00 12.75
31 10.40 -0.01 -28.59 0.00 8.56
32 12.11 0.02 -27.43 0.00 12.27
33 15.10 0.00 54.42 0.00 22.62
34 16.84 0.00 32.03 0.00 16.14
35 12.42 -0.05 -28.92 0.00 6.35
36 8.74 -0.02 -14.38 0.00 19.43
frameEnd
frameHead left bk
11 13 35 296
0 1 1 0 0 0 0
2608 14 0
0 4.47 0.00 -50.98 0.00 23.60
1 4.70 0.00 -50.29 0.00 19.82
2 4.95 -0.01 -52.70 0.00 6.72
3 12.88 0.00 40.30 0.00 22.14
4 13.20 0.00 41.33 0.00 27.48
5 13.37 0.00 40.30 0.00 25.67
6 14.86 0.00 47.53 0.00 17.58
7 15.45 0.00 45.81 0.00 17.42
8 16.36 0.00 17.57 0.00 18.26
9 16.67 0.00 17.57 0.00 14.34
10 17.33 0.00 7.58 0.00 21.54
11 17.52 0.00 6.89 0.00 22.27
12 19.87 0.00 38.92 0.00 19.99
13 20.06 0.00 41.68 0.00 17.67
frameEnd
frameHead left ak
2608 19 0
0 16.58 0.01 18.34 0.00 14.34
1 4.58 -0.01 -51.08 0.00 23.60
2 13.36 0.00 40.81 0.00 25.67
3 13.21 0.08 41.60 0.00 25.71
4 4.70 0.00 -50.29 0.00 19.82
5 17.29 -0.02 11.16 0.00 19.80
6 17.41 0.05 6.73 0.00 22.27
7 4.58 0.00 -52.17 0.00 6.72
8 16.46 -0.01 18.08 0.00 18.10
9 16.44 -0.01 17.34 0.00 18.26
10 17.44 -0.02 8.03 0.00 21.54
11 17.71 0.04 5.91 0.00 16.60
12 12.88 0.00 40.41 0.00 22.14
13 14.86 0.00 47.53 0.00 17.58
14 19.99 0.00 38.70 0.00 19.99
15 22.80 0.07 -9.43 0.00 7.86
16 15.45 0.00 45.81 0.00 17.42
17 20.00 0.01 38.62 0.00 17.67
18 13.14 0.01 41.34 0.00 27.48
frameEnd
frameHead left bk
11 13 35 320
0 1 1 0 0 0 0
2609 17 0
0 3.47 -0.01 26.18 0.00 9.02
1 3.62 -0.01 32.72 0.00 3.89
2 4.47 0.00 -51.32 0.00 23.20
3 4.70 0.00 -51.32 0.00 19.44
4 4.95 0.00 -51.67 0.00 6.20
5 13.20 0.00 40.99 0.00 27.15
6 13.37 0.00 39.61 0.00 25.50
7 16.36 0.00 17.91 0.00 18.11
8 16.70 0.00 18.94 0.00 13.66
9 17.09 0.00 8.61 0.00 19.26
10 17.33 0.00 7.23 0.00 21.26
11 17.83 0.00 5.86 0.00 17.20
12 18.32 0.00 6.89 0.00 9.51
13 19.87 0.00 37.89 0.00 19.73
14 20.06 0.00 40.30 0.00 17.83
15 29.51 0.00 -20.32 0.00 11.37
16 29.71 0.00 -19.98 0.00 11.63
frameEnd
frameHead left ak
2609 22 0
0 16.58 0.01 18.48 0.00 13.66
1 4.58 -0.01 -51.08 0.00 23.20
2 13.35 0.00 40.85 0.00 27.15
3 13.22 0.08 41.41 0.00 25.50
4 3.47 -0.01 26.18 0.00 9.02
5 4.71 0.00 -51.31 0.00 19.44
6 17.29 -0.01 11.38 0.00 19.80
7 17.40 0.03 6.88 0.00 21.26
8 3.62 -0.01 32.72 0.00 3.89
9 4.70 0.00 -52.00 0.00 6.20
10 16.45 -0.02 18.02 0.00 18.11
11 16.44 0.00 17.32 0.00 18.26
12 17.42 -0.03 8.22 0.00 19.26
13 17.72 0.04 5.88 0.00 17.20
14 12.88 0.00 40.38 0.00 22.14
15 18.32 0.00 6.89 0.00 9.51
16 19.99 0.00 39.04 0.00 17.83
17 22.80 0.07 -9.31 0.00 7.86
18 29.51 0.00 -20.32 0.00 11.37
19 19.99 0.00 38.41 0.00 19.73
20 29.71 0.00 -19.98 0.00 11.63
21 13.14 0.01 41.33 0.00 27.48
frameEnd
frameHead right bk
11 13 35 344
0 1 1 0 0 0 0
1934 32 0
0 1.44 0.00 -23.77 0.00 34.27
1 1.73 0.00 -21.36 0.00 30.90
2 3.71 0.00 -3.44 0.00 13.46
3 3.96 -0.01 -2.76 0.00 9.36
4 4.21 -0.01 -1.03 0.00 9.09
5 5.20 0.00 -40.30 0.00 19.71
6 5.46 0.00 -39.96 0.00 21.62
7 5.70 0.00 -39.27 0.00 21.34
8 6.24 0.00 -35.82 0.00 14.11
9 6.44 0.00 -33.41 0.00 14.22
10 6.93 0.00 -29.62 0.00 11.72
11 7.07 0.00 -28.59 0.00 6.25
12 7.43 0.00 -28.24 0.00 19.35
13 7.92 0.00 -27.90 0.00 22.84
14 8.20 0.00 -22.39 0.00 19.10
15 8.68 0.00 -14.47 0.00 20.11
16 8.91 0.00 -16.19 0.00 21.31
17 9.16 0.00 -19.29 0.00 19.34
18 9.90 0.00 -33.41 0.00 16.82
19 10.15 0.00 -31.34 0.00 16.02
20 10.62 0.00 -31.00 0.00 8.48
21 10.90 -0.01 -33.76 0.00 11.46
22 11.14 0.00 -34.10 0.00 7.10
23 11.64 0.01 -24.80 0.00 13.74
24 11.85 -0.01 -26.18 0.00 9.86
25 13.37 0.00 -24.11 0.00 10.64
26 13.60 0.00 -23.77 0.00 13.50
27 15.10 0.00 54.42 0.00 22.30
28 15.24 0.00 57.52 0.00 21.62
29 16.33 0.00 32.72 0.00 17.28
30 16.64 0.00 34.79 0.00 15.08
31 16.84 0.00 31.69 0.00 15.27
frameEnd
frameHead right ak
1934 38 0
0 5.62 -0.01 -40.34 0.00 21.62
1 3.85 0.00 -2.66 0.00 9.36
2 7.83 0.00 -27.84 0.00 22.84
3 1.44 0.00 -23.52 0.00 34.27
4 1.73 0.00 -21.04 0.00 30.90
5 3.71 0.00 -3.44 0.00 13.46
6 6.99 0.01 -30.38 0.00 11.72
7 4.04 0.02 -1.07 0.00 9.09
8 5.70 0.00 -39.27 0.00 21.34
9 8.20 0.00 -22.39 0.00 19.10
10 16.56 0.03 34.46 0.00 15.08
11 16.54 0.04 33.54 0.00 17.28
12 7.11 0.01 -28.53 0.00 6.25
13 5.23 0.00 -40.52 0.00 19.71
14 6.22 0.00 -35.51 0.00 14.11
15 6.97 -0.02 -32.23 0.00 14.22
16 9.15 0.00 -18.31 0.00 19.34
17 12.90 0.05 -24.78 0.00 10.64
18 8.84 0.02 -15.48 0.00 21.31
19 10.90 -0.01 -33.76 0.00 11.46
20 16.52 0.01 34.34 0.00 16.30
21 7.20 0.01 -28.42 0.00 19.35
22 11.35 -0.04 -27.35 0.00 16.04
23 16.48 0.00 32.04 0.00 15.55
24 10.56 -0.03 -35.46 0.00 7.10
25 10.44 0.07 -30.20 0.00 8.48
26 15.24 -0.01 60.19 0.00 22.16
27 11.70 0.00 -26.26 0.00 9.86
28 10.15 0.00 -31.49 0.00 16.02
29 15.15 0.02 57.57 0.00 21.62
30 9.97 0.00 -33.55 0.00 16.82
31 12.18 0.05 -23.90 0.00 13.74
32 13.60 0.00 -23.77 0.00 13.50
33 12.11 0.02 -27.43 0.00 12.27
34 15.10 0.00 54.42 0.00 22.30
35 16.84 0.00 31.73 0.00 15.27
36 12.42 -0.05 -28.93 0.00 6.35
37 8.74 -0.02 -14.36 0.00 20.11
frameEnd
frameHead left bk
11 13 35 361
0 1 1 0 0 0 0
2610 12 0
0 4.47 0.00 -52.01 0.00 23.56
1 4.70 0.00 -51.67 0.00 20.24
2 12.88 0.00 41.33 0.00 22.05
3 13.20 0.00 42.02 0.00 27.25
4 13.37 0.00 40.64 0.00 25.73
5 16.36 0.00 17.57 0.00 17.83
6 16.68 0.00 18.60 0.00 12.53
7 17.09 0.00 8.61 0.00 19.49
8 17.33 0.00 7.92 0.00 21.35
9 17.50 0.00 6.54 0.00 22.01
10 22.67 0.00 -13.43 0.00 10.09
11 23.03 0.00 -12.40 0.00 5.49
frameEnd
frameHead left ak
2610 17 0
0 16.59 0.01 18.53 0.00 12.53
1 13.35 0.00 40.84 0.00 25.73
2 13.21 0.07 41.48 0.00 27.25
3 22.67 0.00 -13.43 0.00 10.09
4 4.71 0.00 -51.51 0.00 20.24
5 17.28 -0.02 11.20 0.00 19.49
6 17.41 0.03 6.78 0.00 22.01
7 4.65 0.00 -52.02 0.00 23.56
8 16.45 -0.02 18.01 0.00 18.11
9 16.43 -0.01 17.37 0.00 17.83
10 17.42 -0.03 8.29 0.00 21.35
11 17.72 0.04 5.97 0.00 17.20
12 12.88 0.00 40.34 0.00 22.14
13 19.99 0.00 39.04 0.00 17.83
14 22.83 0.07 -10.73 0.00 5.49
15 19.99 0.00 38.36 0.00 19.73
16 13.12 0.00 41.33 0.00 22.05
frameEnd
frameHead right bk
11 13 35 389
0 1 1 0 0 0 0
1935 29 0
0 1.44 0.00 -23.77 0.00 34.50
1 1.73 0.00 -21.70 0.00 31.13
2 3.71 0.00 -1.72 0.00 13.86
3 3.96 0.00 -2.41 0.00 9.62
4 4.21 0.00 -2.07 0.00 9.49
5 5.20 0.00 -41.68 0.00 18.00
6 5.48 0.00 -41.33 0.00 20.20
7 5.70 0.00 -40.30 0.00 21.24
8 6.16 0.00 -35.13 0.00 16.23
9 6.44 0.00 -34.10 0.00 13.47
10 6.98 0.00 -31.00 0.00 14.44
11 7.09 0.00 -30.66 0.00 10.62
12 7.43 0.00 -28.24 0.00 20.44
13 7.68 0.00 -27.90 0.00 24.62
14 8.64 0.00 -14.12 0.00 19.76
15 8.91 0.00 -14.12 0.00 19.65
16 9.16 0.00 -16.53 0.00 16.31
17 9.89 0.00 -34.10 0.00 16.74
18 10.15 0.00 -31.69 0.00 15.24
19 11.39 0.00 -26.87 0.00 16.41
20 11.64 0.00 -26.52 0.00 10.82
21 11.79 0.01 -27.56 0.00 12.62
22 12.38 0.00 -29.62 0.00 12.16
23 12.88 -0.01 -26.18 0.00 6.02
24 15.10 0.00 55.46 0.00 22.89
25 15.24 0.00 58.56 0.00 22.34
26 16.31 0.00 32.38 0.00 17.09
27 16.58 0.01 34.10 0.00 13.44
28 16.84 0.00 31.34 0.00 17.00
frameEnd
frameHead right ak
1935 35 0
0 5.62 -0.01 -40.39 0.00 21.24
1 3.87 0.00 -2.50 0.00 9.62
2 7.82 0.00 -27.92 0.00 24.62
3 1.44 0.00 -23.53 0.00 34.50
4 1.73 0.00 -21.09 0.00 31.13
5 4.21 0.00 -2.24 0.00 9.49
6 7.01 0.01 -30.32 0.00 10.62
7 4.02 0.00 -1.23 0.00 13.86
8 5.48 0.00 -41.38 0.00 20.20
9 5.20 0.00 -41.68 0.00 18.00
10 16.56 0.03 34.33 0.00 13.44
11 16.54 0.04 33.39 0.00 17.28
12 6.20 0.00 -35.36 0.00 16.23
13 6.97 -0.02 -31.82 0.00 14.44
14 9.14 -0.01 -17.73 0.00 19.65
15 12.90 0.04 -24.87 0.00 6.02
16 8.85 0.03 -15.69 0.00 16.31
17 6.44 0.00 -34.10 0.00 13.47
18 16.52 0.01 34.46 0.00 16.30
19 7.28 0.00 -28.45 0.00 20.44
20 11.36 -0.04 -27.31 0.00 16.41
21 16.46 0.00 32.15 0.00 17.09
22 10.56 -0.03 -35.58 0.00 7.10
23 10.44 0.07 -30.20 0.00 8.48
24 15.24 -0.01 60.20 0.00 22.16
25 11.69 0.00 -26.33 0.00 10.82
26 10.15 0.00 -31.62 0.00 15.24
27 15.16 0.03 57.97 0.00 22.34
28 9.96 0.00 -33.75 0.00 16.74
29 12.19 0.05 -23.95 0.00 13.74
30 12.08 0.00 -27.46 0.00 12.62
31 15.11 0.00 54.93 0.00 22.89
32 16.84 0.00 31.55 0.00 17.00
33 12.41 -0.05 -29.01 0.00 12.16
34 8.74 -0.02 -14.29 0.00 19.76
frameEnd
frameHead left bk
11 13 35 409
0 1 1 0 0 0 0
2611 13 0
0 4.47 0.00 -52.36 0.00 23.41
1 4.70 0.00 -51.67 0.00 19.93
2 4.95 0.00 -58.56 0.00 5.13
3 12.88 0.00 40.30 0.00 22.31
4 13.20 0.00 40.99 0.00 27.46
5 13.37 0.00 40.30 0.00 25.69
6 14.86 0.00 46.84 0.00 17.00
7 15.35 0.00 45.12 0.00 17.97
8 16.36 0.00 18.26 0.00 17.75
9 16.67 0.00 19.63 0.00 13.43
10 17.09 0.00 9.30 0.00 20.09
11 17.33 0.00 7.92 0.00 21.88
12 17.52 0.00 7.58 0.00 22.51
frameEnd
frameHead left ak
2611 19 0
0 16.60 0.01 18.78 0.00 13.43
1 4.95 0.00 -58.56 0.00 5.13
2 13.35 -0.01 40.88 0.00 27.46
3 13.22 0.08 41.38 0.00 25.69
4 14.86 0.00 46.84 0.00 17.00
5 4.71 0.00 -51.61 0.00 19.93
6 17.27 -0.02 11.16 0.00 20.09
7 17.42 0.03 6.95 0.00 22.51
8 15.35 0.00 45.12 0.00 17.97
9 4.61 0.00 -52.19 0.00 23.41
10 16.44 -0.02 18.06 0.00 17.75
11 16.43 -0.01 17.36 0.00 17.83
12 17.42 -0.03 8.34 0.00 21.88
13 17.72 0.04 6.05 0.00 17.20
14 12.88 0.00 40.31 0.00 22.31
15 19.99 0.00 39.04 0.00 17.83
16 22.83 0.07 -10.72 0.00 5.49
17 19.99 0.00 38.31 0.00 19.73
18 13.12 0.00 41.32 0.00 22.05
frameEnd
frameHead right bk
11 13 35 458
0 1 1 0 0 0 0
1936 29 0
0 1.44 0.00 -23.77 0.00 34.15
1 1.73 0.00 -21.36 0.00 30.71
2 3.71 0.00 -1.72 0.00 13.32
3 3.96 0.00 -1.38 0.00 9.67
4 4.21 0.00 0.34 0.00 9.47
5 4.95 0.00 -43.06 0.00 14.05
6 5.20 0.00 -44.78 0.00 17.64
7 5.42 0.00 -44.43 0.00 18.19
8 5.70 0.00 -42.37 0.00 17.71
9 6.44 -0.01 -32.72 0.00 12.24
10 6.72 0.00 -32.72 0.00 7.99
11 7.04 0.00 -32.38 0.00 13.83
12 7.06 0.00 -32.38 0.00 13.59
13 7.68 0.00 -28.24 0.00 24.48
14 7.92 0.00 -28.24 0.00 22.70
15 8.68 0.00 -14.81 0.00 19.79
16 8.91 0.00 -16.19 0.00 21.08
17 9.16 0.00 -19.98 0.00 19.90
18 9.87 0.00 -34.44 0.00 16.78
19 10.15 0.00 -30.31 0.00 15.62
20 10.40 0.00 -28.93 0.00 8.42
21 11.39 0.00 -26.87 0.00 16.16
22 11.73 0.00 -25.49 0.00 11.36
23 11.89 -0.01 -26.52 0.00 12.01
24 13.37 0.00 -28.59 0.00 11.19
25 13.59 0.00 -27.90 0.00 12.75
26 16.10 0.00 33.41 0.00 13.02
27 16.34 0.00 32.38 0.00 17.23
28 16.61 0.00 34.10 0.00 14.82
frameEnd
frameHead right ak
1936 36 0
0 5.58 -0.02 -41.35 0.00 14.05
1 3.85 0.00 -2.11 0.00 13.32
2 7.83 0.00 -28.08 0.00 22.70
3 1.44 0.00 -23.54 0.00 34.15
4 1.73 0.00 -21.11 0.00 30.71
5 4.21 0.00 0.34 0.00 9.47
6 4.01 0.00 -1.23 0.00 9.67
7 5.20 0.00 -44.78 0.00 17.64
8 5.69 0.00 -42.30 0.00 17.71
9 16.56 0.02 34.23 0.00 14.82
10 16.50 0.00 33.39 0.00 13.02
11 5.42 0.00 -44.43 0.00 18.19
12 7.06 0.00 -32.38 0.00 13.59
13 6.33 0.03 -34.08 0.00 7.99
14 6.98 -0.01 -31.98 0.00 13.83
15 9.14 -0.01 -17.88 0.00 19.90
16 12.90 0.04 -24.86 0.00 6.02
17 8.86 0.03 -15.80 0.00 21.08
18 6.44 -0.01 -32.75 0.00 12.24
19 16.52 0.01 34.57 0.00 16.30
20 7.38 0.01 -28.45 0.00 24.48
21 11.36 -0.03 -27.27 0.00 16.16
22 16.46 -0.01 32.22 0.00 17.23
23 10.56 -0.02 -35.69 0.00 7.10
24 10.43 0.06 -30.22 0.00 15.62
25 15.24 -0.01 60.20 0.00 22.16
26 11.71 0.01 -26.38 0.00 12.01
27 10.15 0.00 -31.70 0.00 15.24
28 15.16 0.03 58.13 0.00 22.34
29 9.95 0.00 -34.03 0.00 16.78
30 12.14 0.02 -24.19 0.00 11.36
31 10.40 0.00 -28.93 0.00 8.42
32 13.59 0.00 -27.90 0.00 12.75
33 12.08 0.00 -27.47 0.00 12.62
34 12.51 0.02 -28.89 0.00 11.19
35 8.73 -0.02 -14.33 0.00 19.79
frameEnd
frameHead left bk
11 13 35 479
0 1 1 0 0 0 0
2612 14 0
0 4.47 0.00 -52.01 0.00 23.59
1 4.70 0.00 -50.98 0.00 20.09
2 4.95 0.00 -51.67 0.00 7.65
3 12.88 0.00 40.30 0.00 21.92
4 13.22 0.00 41.33 0.00 27.23
5 13.37 0.00 40.30 0.00 25.77
6 17.09 0.00 9.99 0.00 20.32
7 17.33 0.00 7.92 0.00 22.35
8 17.83 0.00 6.20 0.00 17.36
9 18.32 0.01 8.61 0.00 6.03
10 19.87 0.00 37.54 0.00 20.58
11 20.06 0.00 40.30 0.00 18.07
12 29.48 0.01 -20.32 0.00 11.17
13 29.71 0.02 -20.32 0.00 11.44
frameEnd
frameHead left ak
2612 20 0
0 16.60 0.01 18.84 0.00 13.43
1 4.70 0.00 -50.98 0.00 20.09
2 13.35 -0.01 40.81 0.00 25.77
3 13.23 0.08 41.39 0.00 25.69
4 18.32 0.01 8.61 0.00 6.03
5 4.77 0.00 -51.67 0.00 7.65
6 17.26 -0.02 11.22 0.00 20.32
7 17.42 0.03 6.94 0.00 22.51
8 29.48 0.01 -20.32 0.00 11.17
9 4.59 -0.01 -52.15 0.00 23.59
10 16.44 -0.02 18.06 0.00 17.75
11 16.43 -0.01 17.35 0.00 17.83
12 17.41 -0.03 8.39 0.00 22.35
13 17.73 0.04 6.09 0.00 17.36
14 12.88 0.00 40.28 0.00 21.92
15 29.71 0.02 -20.32 0.00 11.44
16 20.00 0.00 39.40 0.00 18.07
17 22.84 0.07 -10.71 0.00 5.49
18 19.99 -0.01 38.05 0.00 20.58
19 13.13 0.00 41.31 0.00 27.23
frameEnd
frameHead left bk
11 13 35 518
0 1 1 0 0 0 0
2613 14 0
0 4.47 0.00 -51.67 0.00 23.44
1 4.70 0.00 -50.98 0.00 20.10
2 12.88 0.00 41.33 0.00 22.07
3 13.22 0.00 42.02 0.00 27.45
4 13.37 0.00 40.99 0.00 26.02
5 16.34 0.00 19.63 0.00 18.23
6 16.64 0.00 20.67 0.00 12.28
7 17.09 0.00 9.64 0.00 20.37
8 17.33 0.00 8.27 0.00 21.88
9 17.49 0.00 6.89 0.00 22.36
10 19.87 0.00 39.61 0.00 19.96
11 20.06 0.00 42.37 0.00 17.73
12 29.22 -0.01 -23.77 0.00 11.71
13 29.44 0.00 -22.04 0.00 11.87
frameEnd
frameHead left ak
2613 19 0
0 16.58 0.00 19.07 0.00 18.23
1 4.70 0.00 -50.98 0.00 20.10
2 13.35 0.00 40.85 0.00 26.02
3 13.23 0.08 41.39 0.00 25.69
4 13.22 0.00 42.02 0.00 27.45
5 4.71 0.00 -51.70 0.00 23.44
6 17.25 -0.02 11.24 0.00 20.37
7 17.43 0.02 6.92 0.00 22.36
8 29.44 0.00 -21.51 0.00 11.87
9 16.46 0.00 18.75 0.00 12.28
10 16.43 -0.01 17.34 0.00 17.83
11 17.41 -0.03 8.48 0.00 21.88
12 17.73 0.04 6.17 0.00 17.36
13 12.88 0.00 40.25 0.00 21.92
14 29.25 -0.01 -22.72 0.00 11.71
15 19.99 0.00 39.45 0.00 19.96
16 22.84 0.07 -10.71 0.00 5.49
17 19.99 0.01 39.06 0.00 17.73
18 13.11 -0.01 41.31 0.00 22.07
frameEnd
frameHead right bk
11 13 35 541
0 1 1 0 0 0 0
1937 29 0
0 1.44 0.00 -23.77 0.00 34.74
1 1.73 0.00 -21.36 0.00 31.16
2 3.71 0.00 -3.10 0.00 13.58
3 3.96 -0.01 -1.72 0.00 10.88
4 4.21 0.00 -0.34 0.00 10.87
5 5.20 0.00 -41.33 0.00 18.15
6 5.43 0.00 -40.99 0.00 19.81
7 5.70 0.00 -40.30 0.00 18.93
8 6.44 0.00 -33.41 0.00 12.97
9 6.72 -0.01 -29.97 0.00 5.59
10 7.00 -0.01 -32.72 0.00 13.02
11 7.07 0.00 -31.00 0.00 11.28
12 7.69 0.00 -28.24 0.00 24.35
13 7.92 0.00 -27.90 0.00 22.87
14 8.67 0.00 -14.81 0.00 19.89
15 8.91 0.00 -15.84 0.00 21.12
16 9.16 0.00 -19.29 0.00 19.52
17 9.86 0.00 -34.79 0.00 17.41
18 10.15 0.00 -31.34 0.00 15.96
19 11.39 0.00 -25.83 0.00 17.03
20 11.64 0.00 -24.80 0.00 13.10
21 11.85 0.00 -26.52 0.00 10.34
22 12.88 -0.01 -25.49 0.00 8.08
23 13.37 0.00 -25.49 0.00 10.66
24 15.10 0.00 54.77 0.00 22.43
25 15.26 0.00 57.87 0.00 22.12
26 16.10 0.00 34.44 0.00 12.28
27 16.36 0.00 32.38 0.00 16.34
28 16.67 0.01 33.07 0.00 13.71
frameEnd
frameHead right ak
1937 34 0
0 5.56 -0.03 -41.53 0.00 18.15
1 3.86 0.00 -1.82 0.00 10.88
2 7.82 0.00 -28.20 0.00 24.35
3 1.44 0.00 -23.55 0.00 34.74
4 1.73 0.00 -21.13 0.00 31.16
5 4.21 0.00 -0.34 0.00 10.87
6 3.71 0.00 -3.10 0.00 13.58
7 5.44 0.00 -41.20 0.00 19.81
8 5.70 0.00 -40.30 0.00 18.93
9 16.56 0.02 34.15 0.00 14.82
10 16.52 0.01 33.19 0.00 13.71
11 6.72 -0.01 -29.97 0.00 5.59
12 7.00 -0.01 -32.72 0.00 13.02
13 6.35 0.02 -33.64 0.00 12.97
14 6.99 0.00 -31.65 0.00 11.28
15 9.14 -0.01 -17.95 0.00 19.52
16 12.90 0.03 -24.90 0.00 8.08
17 8.86 0.03 -15.85 0.00 21.12
18 15.10 0.00 54.77 0.00 22.43
19 16.47 -0.03 34.61 0.00 12.28
20 7.49 0.02 -28.31 0.00 22.87
21 11.36 -0.02 -27.07 0.00 17.03
22 16.45 -0.01 32.27 0.00 16.34
23 10.56 -0.01 -35.79 0.00 7.10
24 10.43 0.06 -30.21 0.00 15.62
25 11.72 0.02 -26.42 0.00 10.34
26 10.15 0.00 -31.59 0.00 15.96
27 15.17 0.02 58.11 0.00 22.12
28 9.94 0.00 -34.36 0.00 17.41
29 12.10 -0.01 -24.29 0.00 13.10
30 13.38 0.00 -25.67 0.00 10.66
31 12.08 0.00 -27.47 0.00 12.62
32 12.51 0.02 -28.90 0.00 11.19
33 8.73 -0.02 -14.36 0.00 19.89
frameEnd
frameHead left bk
11 13 35 564
0 1 1 0 0 0 0
2614 9 0
0 4.47 0.00 -50.98 0.00 23.52
1 4.70 0.00 -50.98 0.00 19.53
2 12.88 0.00 40.30 0.00 21.93
3 13.22 0.00 40.99 0.00 27.39
4 13.37 0.00 40.30 0.00 25.86
5 17.09 0.00 9.64 0.00 19.94
6 17.33 0.00 7.92 0.00 21.45
7 19.89 0.00 40.99 0.00 20.68
8 20.06 0.00 42.71 0.00 19.00
frameEnd
frameHead left ak
2614 16 0
0 16.58 0.00 19.14 0.00 18.23
1 4.70 0.00 -50.98 0.00 19.53
2 13.34 -0.01 40.88 0.00 27.39
3 13.24 0.08 41.29 0.00 25.86
4 4.67 -0.01 -51.39 0.00 23.52
5 17.24 -0.02 11.25 0.00 19.94
6 17.43 0.02 6.90 0.00 22.36
7 16.46 0.00 18.79 0.00 12.28
8 16.43 -0.01 17.33 0.00 17.83
9 17.40 -0.03 8.51 0.00 21.45
10 17.74 0.05 6.26 0.00 17.36
11 12.88 0.00 40.25 0.00 21.93
12 19.98 0.00 39.82 0.00 20.68
13 22.84 0.07 -10.70 0.00 5.49
14 20.00 0.02 39.89 0.00 19.00
15 13.11 -0.01 41.29 0.00 22.07
frameEnd
frameHead right bk
11 13 35 596
0 1 1 0 0 0 0
1938 29 0
0 1.44 0.00 -23.77 0.00 34.25
1 1.73 0.00 -21.36 0.00 31.31
2 3.71 0.00 -2.41 0.00 13.71
3 3.96 0.00 -1.38 0.00 10.93
4 4.21 -0.01 -1.38 0.00 11.06
5 5.20 0.00 -41.68 0.00 18.27
6 5.43 0.00 -41.33 0.00 20.18
7 5.70 0.00 -39.96 0.00 19.69
8 6.44 0.00 -34.10 0.00 16.35
9 6.96 0.00 -30.66 0.00 15.99
10 7.10 -0.01 -31.69 0.00 11.13
11 7.68 0.00 -27.90 0.00 24.47
12 7.92 0.00 -27.56 0.00 22.33
13 8.65 0.00 -14.47 0.00 19.25
14 8.91 0.00 -15.84 0.00 20.73
15 9.16 0.00 -19.29 0.00 18.89
16 9.83 0.00 -34.44 0.00 16.89
17 10.15 0.00 -31.34 0.00 14.50
18 10.82 -0.01 -32.38 0.00 10.56
19 11.14 -0.01 -33.41 0.00 10.82
20 11.39 0.00 -28.59 0.00 16.00
21 11.64 0.00 -27.90 0.00 11.72
22 12.38 0.00 -32.03 0.00 11.25
23 12.88 0.00 -27.56 0.00 8.82
24 15.10 0.00 54.42 0.00 22.76
25 15.24 0.00 58.56 0.00 22.62
26 16.30 0.00 31.00 0.00 15.52
27 16.58 0.00 31.34 0.00 12.95
28 16.84 0.00 33.07 0.00 15.11
frameEnd
frameHead right ak
1938 35 0
0 5.54 -0.04 -41.80 0.00 18.27
1 3.87 0.00 -1.46 0.00 10.93
2 7.83 0.00 -28.11 0.00 22.33
3 1.44 0.00 -23.56 0.00 34.25
4 1.73 0.00 -21.15 0.00 31.31
5 4.21 0.00 -0.96 0.00 11.06
6 3.71 0.00 -2.42 0.00 13.71
7 10.82 -0.01 -32.38 0.00 10.56
8 5.44 0.00 -41.27 0.00 20.18
9 5.70 0.00 -39.96 0.00 19.69
10 16.56 0.02 34.06 0.00 14.82
11 16.54 0.02 33.04 0.00 15.11
12 6.96 0.00 -30.62 0.00 15.99
13 12.38 0.00 -32.03 0.00 11.25
14 6.37 0.01 -33.61 0.00 16.35
15 7.00 0.00 -31.61 0.00 11.13
16 9.14 -0.01 -18.01 0.00 18.89
17 12.90 0.03 -24.89 0.00 8.08
18 8.86 0.03 -15.89 0.00 20.73
19 15.11 0.00 54.46 0.00 22.76
20 16.47 -0.03 34.73 0.00 12.28
21 7.52 0.02 -28.15 0.00 24.47
22 11.36 -0.02 -27.10 0.00 17.03
23 16.46 0.00 32.03 0.00 12.95
24 10.62 0.03 -35.50 0.00 10.82
25 10.49 0.08 -30.07 0.00 16.00
26 16.30 0.00 31.00 0.00 15.52
27 11.72 0.02 -26.43 0.00 10.34
28 10.15 0.00 -31.53 0.00 14.50
29 15.18 0.02 58.31 0.00 22.62
30 9.92 -0.01 -34.47 0.00 16.89
31 12.10 -0.01 -24.35 0.00 13.10
32 12.05 -0.03 -27.54 0.00 11.72
33 12.55 0.04 -28.74 0.00 8.82
34 8.72 -0.02 -14.35 0.00 19.25
frameEnd
frameHead left bk
11 13 35 612
0 1 1 0 0 0 0
2615 14 0
0 4.47 0.00 -51.67 0.00 23.18
1 4.70 0.00 -50.98 0.00 19.48
2 4.95 -0.01 -52.01 0.00 5.32
3 12.88 0.00 40.99 0.00 22.03
4 13.22 0.00 41.33 0.00 27.08
5 13.37 0.00 40.30 0.00 25.69
6 13.99 0.00 19.63 0.00 21.95
7 14.36 0.00 21.70 0.00 12.27
8 17.49 0.00 5.86 0.00 21.59
9 17.83 0.00 4.82 0.00 16.63
10 19.89 0.00 39.61 0.00 20.13
11 20.06 0.00 42.37 0.00 17.80
12 22.70 0.00 -9.99 0.00 11.37
13 23.03 0.00 -8.27 0.00 6.63
frameEnd
frameHead left ak
2615 18 0
0 16.45 -0.07 19.70 0.00 12.27
1 4.70 0.00 -50.98 0.00 19.48
2 13.34 -0.01 40.82 0.00 25.69
3 13.24 0.08 41.30 0.00 27.08
4 4.95 -0.01 -52.01 0.00 5.32
5 4.64 -0.01 -51.49 0.00 23.18
6 17.24 -0.01 11.44 0.00 19.94
7 17.43 0.02 6.89 0.00 22.36
8 23.03 0.00 -8.27 0.00 6.63
9 16.28 -0.13 18.43 0.00 21.95
10 16.43 -0.01 17.32 0.00 17.83
11 17.42 -0.02 8.08 0.00 16.63
12 17.71 0.02 6.15 0.00 21.59
13 12.88 0.00 40.45 0.00 22.03
14 19.98 0.00 39.81 0.00 20.13
15 22.81 0.03 -10.17 0.00 11.37
16 20.01 0.03 40.40 0.00 17.80
17 13.11 -0.01 41.27 0.00 22.07
frameEnd
frameHead right bk
11 13 35 652
0 1 1 0 0 0 0
1939 29 0
0 1.44 0.00 -23.77 0.00 34.12
1 1.73 0.00 -22.04 0.00 31.03
2 3.71 0.00 -0.34 0.00 14.31
3 3.96 0.00 -0.34 0.00 11.31
4 4.21 0.00 0.34 0.00 11.22
5 4.95 0.00 -42.37 0.00 14.90
6 5.20 0.00 -44.09 0.00 18.64
7 5.70 0.00 -41.33 0.00 18.74
8 5.99 0.00 -45.47 0.00 11.44
9 6.44 0.00 -33.76 0.00 15.13
10 7.01 0.00 -33.41 0.00 14.52
11 7.07 0.00 -30.66 0.00 13.35
12 7.68 0.00 -27.90 0.00 24.15
13 7.92 0.00 -27.56 0.00 22.19
14 8.64 0.00 -15.16 0.00 20.02
15 8.91 0.00 -15.84 0.00 20.69
16 9.16 0.00 -19.63 0.00 18.56
17 9.90 0.00 -32.38 0.00 17.71
18 10.15 0.00 -28.24 0.00 17.43
19 11.41 0.00 -27.90 0.00 15.54
20 11.64 0.00 -28.24 0.00 12.23
21 11.87 0.00 -25.14 0.00 7.51
22 13.37 0.00 -26.18 0.00 10.13
23 13.60 0.00 -25.83 0.00 13.11
24 15.10 0.00 55.46 0.00 22.64
25 15.26 0.00 59.24 0.00 22.24
26 16.31 0.00 31.00 0.00 15.16
27 16.58 0.00 31.69 0.00 11.26
28 16.84 0.00 31.00 0.00 14.84
frameEnd
frameHead right ak
1939 35 0
0 5.50 -0.05 -42.20 0.00 14.90
1 3.88 0.01 -0.83 0.00 11.31
2 7.83 0.00 -28.02 0.00 22.19
3 1.44 0.00 -23.57 0.00 34.12
4 1.73 0.00 -21.21 0.00 31.03
5 4.04 -0.01 -0.66 0.00 14.31
6 4.21 0.00 0.34 0.00 11.22
7 5.20 0.00 -44.09 0.00 18.64
8 5.52 0.00 -41.27 0.00 18.74
9 5.99 0.00 -45.47 0.00 11.44
10 16.57 0.02 33.97 0.00 14.82
11 16.54 0.02 32.89 0.00 15.11
12 7.02 0.00 -30.65 0.00 13.35
13 13.37 0.00 -26.18 0.00 10.13
14 6.38 0.01 -33.49 0.00 15.13
15 7.00 0.00 -32.16 0.00 14.52
16 9.14 -0.01 -18.11 0.00 18.56
17 12.96 0.06 -24.91 0.00 13.11
18 8.87 0.03 -15.92 0.00 20.69
19 15.11 0.00 54.94 0.00 22.64
20 16.47 -0.03 34.83 0.00 12.28
21 7.54 0.01 -28.03 0.00 24.15
22 11.37 -0.02 -27.25 0.00 15.54
23 16.46 0.00 31.93 0.00 11.26
24 10.62 0.04 -35.59 0.00 10.82
25 10.47 0.07 -29.99 0.00 17.43
26 16.31 0.00 31.00 0.00 15.16
27 11.72 0.02 -26.45 0.00 10.34
28 10.13 -0.01 -31.86 0.00 17.71
29 15.18 0.02 58.63 0.00 22.24
30 12.08 -0.02 -24.50 0.00 7.51
31 16.84 0.00 31.00 0.00 14.84
32 12.01 -0.04 -27.62 0.00 12.23
33 12.55 0.04 -28.74 0.00 8.82
34 8.72 -0.02 -14.43 0.00 20.02
frameEnd
frameHead left bk
11 13 35 677
0 1 1 0 0 0 0
2616 14 0
0 4.47 0.00 -51.67 0.00 23.53
1 4.70 0.00 -51.67 0.00 20.11
2 13.22 0.00 41.33 0.00 27.34
3 13.37 0.00 40.30 0.00 25.78
4 14.86 0.00 48.57 0.00 16.06
5 15.45 0.00 48.57 0.00 16.55
6 16.34 0.00 16.53 0.00 18.02
7 16.64 0.00 16.53 0.00 12.76
8 17.49 0.00 5.86 0.00 21.57
9 17.83 0.00 5.17 0.00 16.72
10 19.87 0.00 38.23 0.00 20.29
11 20.06 0.00 40.30 0.00 17.87
12 22.53 0.00 -10.68 0.00 10.49
13 22.69 0.00 -12.40 0.00 9.38
frameEnd
frameHead left ak
2616 19 0
0 16.44 -0.07 19.82 0.00 12.27
1 4.65 0.00 -51.32 0.00 23.53
2 13.35 0.00 40.76 0.00 25.78
3 13.23 0.07 41.31 0.00 27.34
4 14.86 0.00 48.57 0.00 16.06
5 4.65 0.00 -51.55 0.00 20.11
6 17.21 -0.01 12.45 0.00 12.76
7 17.43 0.02 6.88 0.00 22.36
8 22.73 0.00 -11.55 0.00 9.38
9 15.45 0.00 48.57 0.00 16.55
10 16.27 -0.13 18.44 0.00 21.95
11 16.43 -0.01 17.05 0.00 18.02
12 17.44 -0.01 7.69 0.00 16.72
13 17.68 0.01 6.14 0.00 21.57
14 12.88 0.00 40.44 0.00 22.03
15 19.97 -0.01 39.54 0.00 20.29
16 22.78 0.00 -10.27 0.00 10.49
17 20.01 0.02 40.44 0.00 17.87
18 13.11 -0.02 41.24 0.00 22.07
frameEnd
frameHead left bk
11 13 35 711
0 1 1 0 0 0 0
2617 10 0
0 4.47 0.00 -51.32 0.00 23.24
1 4.70 0.00 -50.29 0.00 19.60
2 5.20 0.01 -51.67 0.00 5.57
3 12.88 0.00 41.33 0.00 22.09
4 13.22 0.00 41.33 0.00 27.24
5 13.37 0.00 40.99 0.00 25.79
6 16.34 0.00 17.22 0.00 17.27
7 16.65 0.00 18.60 0.00 10.99
8 17.09 0.00 11.02 0.00 19.65
9 17.33 0.00 8.61 0.00 20.67
frameEnd
frameHead left ak
2617 17 0
0 16.44 -0.07 19.95 0.00 12.27
1 4.61 0.00 -51.37 0.00 23.24
2 13.35 0.00 40.80 0.00 25.79
3 13.23 0.07 41.31 0.00 27.24
4 4.70 0.00 -50.29 0.00 19.60
5 4.71 0.01 -51.60 0.00 5.57
6 17.20 -0.01 12.49 0.00 19.65
7 17.43 0.02 6.87 0.00 22.36
8 16.30 -0.09 18.58 0.00 10.99
9 16.42 -0.01 17.09 0.00 17.27
10 17.44 -0.01 7.87 0.00 20.67
11 17.68 0.01 6.22 0.00 21.57
12 12.88 0.00 40.72 0.00 22.09
13 19.97 -0.01 39.57 0.00 20.29
14 22.78 0.00 -10.24 0.00 10.49
15 20.01 0.02 40.56 0.00 17.87
16 13.11 -0.02 41.22 0.00 22.07
frameEnd
frameHead right bk
11 13 35 734
0 1 1 0 0 0 0
1940 27 0
0 1.44 0.00 -23.08 0.00 34.25
1 1.73 0.00 -21.01 0.00 30.97
2 3.71 0.00 -2.07 0.00 14.08
3 3.96 0.00 -3.10 0.00 10.43
4 4.21 0.00 -3.10 0.00 9.41
5 5.20 0.00 -42.02 0.00 17.88
6 5.42 0.00 -42.71 0.00 19.13
7 5.70 0.00 -42.71 0.00 17.29
8 6.44 0.00 -33.41 0.00 15.61
9 7.00 0.00 -32.38 0.00 14.87
10 7.07 0.00 -33.41 0.00 13.18
11 7.68 0.00 -27.90 0.00 24.40
12 7.92 0.00 -27.56 0.00 22.35
13 8.64 0.00 -14.81 0.00 19.35
14 8.91 0.00 -15.84 0.00 20.45
15 9.16 0.00 -18.94 0.00 17.98
16 9.86 0.00 -33.07 0.00 17.43
17 10.15 0.00 -29.28 0.00 16.55
18 12.15 0.00 -30.66 0.00 13.35
19 12.38 0.00 -31.69 0.00 9.70
20 13.37 0.00 -26.52 0.00 10.90
21 13.59 0.00 -25.83 0.00 13.12
22 15.10 0.00 55.46 0.00 22.38
23 15.24 0.00 59.24 0.00 22.05
24 16.33 0.00 31.34 0.00 14.23
25 16.54 0.00 32.72 0.00 11.78
26 16.84 0.00 30.31 0.00 15.66
frameEnd
frameHead right ak
1940 34 0
0 5.50 -0.04 -42.64 0.00 19.13
1 3.88 0.01 -1.41 0.00 10.43
2 7.84 0.00 -27.94 0.00 22.35
3 1.44 0.00 -23.57 0.00 34.25
4 1.73 0.00 -21.21 0.00 30.97
5 3.96 -0.01 -1.48 0.00 14.08
6 4.22 0.00 -3.06 0.00 9.41
7 5.69 0.00 -42.85 0.00 17.29
8 5.44 0.00 -41.65 0.00 17.88
9 16.57 0.02 33.88 0.00 14.82
10 16.54 0.02 32.74 0.00 11.78
11 7.04 0.02 -31.89 0.00 13.18
12 13.37 0.00 -26.49 0.00 10.90
13 6.39 0.01 -33.30 0.00 15.61
14 7.00 0.00 -32.27 0.00 14.87
15 9.14 -0.01 -18.13 0.00 17.98
16 13.01 0.08 -24.93 0.00 13.12
17 8.87 0.03 -15.95 0.00 20.45
18 15.11 0.00 55.14 0.00 22.38
19 16.47 -0.03 34.95 0.00 12.28
20 7.56 0.01 -27.93 0.00 24.40
21 11.36 -0.02 -27.29 0.00 15.54
22 16.47 0.00 31.90 0.00 11.26
23 10.79 0.15 -34.94 0.00 9.70
24 10.45 0.06 -29.96 0.00 16.55
25 16.32 0.00 31.16 0.00 14.23
26 11.72 0.03 -26.47 0.00 10.34
27 10.10 -0.01 -32.30 0.00 17.43
28 15.19 0.02 58.88 0.00 22.05
29 12.08 -0.02 -24.56 0.00 7.51
30 16.84 0.00 30.40 0.00 15.66
31 12.01 -0.05 -27.63 0.00 12.23
32 12.51 0.02 -28.98 0.00 13.35
33 8.72 -0.03 -14.46 0.00 19.35
frameEnd
