frameHead left bk
11 13 20 844
0 1 1 0 0 0 0
2325 13 0
0 4.47 0.00 -52.01 0.00 23.12
1 4.70 0.00 -51.67 0.00 19.43
2 12.88 0.00 41.33 0.00 22.08
3 13.20 0.00 41.68 0.00 27.24
4 16.34 0.00 19.29 0.00 17.31
5 16.68 0.01 19.63 0.00 11.25
6 17.09 0.00 9.64 0.00 18.76
7 17.33 0.00 8.27 0.00 21.60
8 17.52 0.00 7.58 0.00 22.68
9 19.87 0.00 39.96 0.00 20.53
10 20.06 0.00 41.33 0.00 18.24
11 22.75 0.00 -10.33 0.00 10.40
12 23.03 -0.01 -13.09 0.00 4.84
frameEnd
frameHead left ak
2325 17 0
0 17.41 0.01 7.41 0.00 22.68
1 13.21 0.00 41.48 0.00 27.24
2 17.09 0.01 9.69 0.00 18.76
3 17.08 -0.04 9.16 0.00 19.67
4 13.21 0.00 41.10 0.00 22.08
5 17.33 -0.02 8.23 0.00 21.60
6 4.54 0.00 -52.16 0.00 23.12
7 19.92 -0.01 40.28 0.00 20.53
8 4.65 0.00 -52.05 0.00 19.43
9 22.75 0.00 -10.33 0.00 10.40
10 16.51 -0.01 19.03 0.00 17.31
11 16.52 -0.03 18.67 0.00 11.25
12 20.09 0.00 40.49 0.00 18.24
13 19.90 0.00 38.51 0.00 21.25
14 23.03 -0.01 -13.09 0.00 4.84
15 15.19 0.00 43.97 0.00 18.10
16 12.98 0.00 40.17 0.00 25.88
frameEnd
frameHead right bk
11 13 20 892
0 1 1 0 0 0 0
1723 28 0
0 1.44 0.00 -23.08 0.00 34.07
1 1.73 0.00 -20.67 0.00 30.73
2 3.71 0.00 -1.72 0.00 14.18
3 3.96 0.00 -1.38 0.00 10.62
4 4.21 0.00 -0.69 0.00 10.44
5 4.46 0.00 0.00 0.00 10.14
6 5.20 0.00 -41.68 0.00 19.19
7 5.46 0.00 -41.68 0.00 22.11
8 5.70 0.00 -39.61 0.00 21.94
9 6.19 0.00 -36.51 0.00 15.80
10 6.35 0.00 -35.13 0.00 16.92
11 6.93 0.01 -31.69 0.00 10.10
12 7.06 0.00 -29.28 0.00 10.04
13 7.69 0.00 -27.90 0.00 24.38
14 7.92 0.00 -27.21 0.00 22.77
15 8.68 0.00 -14.81 0.00 19.85
16 8.91 0.00 -15.16 0.00 20.94
17 9.16 0.00 -18.60 0.00 19.65
18 9.97 0.01 -32.03 0.00 17.42
19 10.15 0.00 -27.90 0.00 18.26
20 11.64 0.00 -26.18 0.00 15.82
21 11.99 0.00 -26.87 0.00 8.05
22 12.10 -0.01 -26.52 0.00 8.51
23 13.37 0.00 -29.28 0.00 11.32
24 13.59 0.00 -27.21 0.00 13.56
25 16.10 0.00 33.76 0.00 14.16
26 16.28 0.01 33.07 0.00 16.19
27 16.56 0.01 34.44 0.00 12.63
frameEnd
frameHead right ak
1723 34 0
0 7.10 0.02 -29.79 0.00 10.04
1 4.17 -0.01 -1.77 0.00 10.62
2 1.45 0.00 -23.31 0.00 34.07
3 3.72 0.01 -2.66 0.00 14.18
4 16.50 0.02 34.46 0.00 12.63
5 4.21 0.00 -0.69 0.00 10.44
6 7.70 0.00 -28.11 0.00 24.38
7 8.85 -0.01 -15.00 0.00 20.94
8 1.73 0.00 -21.29 0.00 30.73
9 5.61 0.01 -40.03 0.00 21.94
10 11.53 0.02 -26.24 0.00 15.82
11 7.07 0.00 -31.59 0.00 10.10
12 16.26 -0.02 32.63 0.00 13.75
13 6.28 0.00 -36.75 0.00 15.80
14 9.90 0.01 -32.34 0.00 17.42
15 5.46 0.00 -41.67 0.00 22.11
16 13.04 -0.02 -27.08 0.00 13.56
17 11.99 -0.05 -25.81 0.00 8.51
18 11.61 -0.06 -35.12 0.00 10.00
19 16.47 -0.03 32.89 0.00 16.19
20 8.75 0.01 -15.23 0.00 19.85
21 6.35 0.00 -35.15 0.00 16.92
22 5.16 0.00 -41.30 0.00 19.19
23 10.18 0.00 -28.52 0.00 18.26
24 4.46 0.00 0.00 0.00 10.14
25 7.92 0.00 -27.21 0.00 22.77
26 8.89 0.02 -18.07 0.00 19.65
27 15.11 0.00 55.22 0.00 22.24
28 11.99 0.00 -26.87 0.00 8.05
29 13.37 0.00 -29.28 0.00 11.32
30 11.72 -0.03 -26.40 0.00 7.14
31 16.36 -0.03 33.83 0.00 14.16
32 13.34 -0.01 -24.00 0.00 9.78
33 15.24 0.00 57.39 0.00 21.64
frameEnd
frameHead left bk
11 13 20 918
0 1 1 0 0 0 0
2326 11 0
0 4.47 0.00 -51.67 0.00 23.49
1 4.70 0.00 -49.94 0.00 20.01
2 13.20 0.00 41.68 0.00 27.38
3 13.37 0.00 40.64 0.00 25.71
4 14.86 0.00 48.22 0.00 16.75
5 15.35 0.00 47.19 0.00 17.23
6 17.09 0.00 9.99 0.00 19.14
7 17.33 0.00 8.96 0.00 20.96
8 17.50 0.00 7.92 0.00 22.09
9 19.87 0.00 39.61 0.00 20.03
10 20.06 0.00 40.64 0.00 17.94
frameEnd
frameHead left ak
2326 16 0
0 17.41 0.01 7.45 0.00 22.68
1 13.21 0.00 41.52 0.00 27.38
2 17.09 0.01 9.81 0.00 19.14
3 17.12 -0.03 9.18 0.00 20.96
4 13.23 0.00 41.03 0.00 25.71
5 17.37 -0.02 8.18 0.00 22.09
6 4.56 0.01 -51.41 0.00 20.01
7 19.91 -0.01 40.30 0.00 20.03
8 4.61 0.00 -51.85 0.00 23.49
9 14.86 0.00 48.22 0.00 16.75
10 16.51 -0.01 19.07 0.00 17.31
11 16.52 -0.03 18.57 0.00 11.25
12 20.08 0.00 40.51 0.00 17.94
13 19.90 0.00 38.49 0.00 21.25
14 15.23 0.03 45.21 0.00 17.23
15 12.98 0.00 40.17 0.00 25.88
frameEnd
frameHead left bk
11 13 20 950
0 1 1 0 0 0 0
2327 12 0
0 4.47 0.00 -52.36 0.00 23.52
1 4.70 0.00 -52.01 0.00 19.50
2 4.95 0.01 -52.01 0.00 6.25
3 12.88 0.00 40.30 0.00 21.71
4 13.22 0.00 40.99 0.00 27.20
5 13.37 0.00 40.30 0.00 25.67
6 17.09 0.00 8.61 0.00 19.06
7 17.33 0.00 7.58 0.00 21.35
8 19.86 0.00 39.61 0.00 20.79
9 20.06 0.00 42.02 0.00 18.12
10 28.91 -0.02 -22.73 0.00 6.23
11 29.22 0.00 -22.73 0.00 12.28
frameEnd
frameHead left ak
2327 18 0
0 17.40 0.01 7.50 0.00 21.35
1 13.24 0.00 41.33 0.00 25.67
2 17.09 0.01 9.84 0.00 19.14
3 17.12 -0.03 9.21 0.00 20.96
4 13.23 0.00 41.03 0.00 27.20
5 17.32 -0.02 8.29 0.00 19.06
6 4.60 0.01 -51.51 0.00 6.25
7 19.90 0.00 40.32 0.00 20.79
8 4.63 0.00 -51.87 0.00 19.50
9 4.47 0.00 -52.36 0.00 23.52
10 16.51 -0.01 19.12 0.00 17.31
11 16.52 -0.03 18.47 0.00 11.25
12 20.07 0.00 40.97 0.00 18.12
13 19.90 0.00 38.46 0.00 21.25
14 28.91 -0.02 -22.73 0.00 6.23
15 29.22 0.00 -22.73 0.00 12.28
16 15.24 0.03 45.37 0.00 17.23
17 12.96 0.00 40.20 0.00 21.71
frameEnd
frameHead right bk
11 13 20 974
0 1 1 0 0 0 0
1724 31 0
0 1.44 0.00 -23.77 0.00 34.12
1 1.73 0.00 -21.70 0.00 31.04
2 3.71 0.00 -0.69 0.00 14.30
3 3.96 0.00 -0.69 0.00 11.19
4 4.21 0.00 -0.69 0.00 10.85
5 4.46 0.00 -1.03 0.00 10.15
6 5.20 0.00 -41.68 0.00 18.79
7 5.48 0.00 -41.33 0.00 21.81
8 5.70 0.00 -39.96 0.00 21.66
9 6.19 0.00 -35.48 0.00 15.62
10 6.35 0.00 -34.10 0.00 16.92
11 6.93 0.00 -29.97 0.00 10.85
12 7.07 0.00 -31.00 0.00 7.92
13 7.69 0.00 -27.90 0.00 23.84
14 7.92 0.00 -26.52 0.00 22.11
15 8.67 0.00 -15.84 0.00 19.93
16 8.91 0.00 -16.53 0.00 20.94
17 9.16 0.00 -19.29 0.00 19.57
18 9.89 0.00 -32.03 0.00 16.71
19 10.15 0.00 -27.21 0.00 17.50
20 10.40 0.01 -27.21 0.00 11.57
21 11.64 -0.01 -25.49 0.00 15.42
22 11.98 0.00 -21.70 0.00 6.32
23 12.13 0.00 -24.80 0.00 8.42
24 12.63 0.01 -25.49 0.00 6.26
25 12.89 0.02 -25.49 0.00 6.82
26 15.10 0.00 55.80 0.00 22.27
27 15.26 0.00 57.52 0.00 21.39
28 16.10 0.00 35.13 0.00 13.40
29 16.28 0.00 33.76 0.00 16.10
30 16.53 0.00 34.10 0.00 13.44
frameEnd
frameHead right ak
1724 36 0
0 9.16 0.00 -19.29 0.00 19.57
1 7.09 0.01 -29.68 0.00 10.85
2 4.18 0.00 -1.52 0.00 10.15
3 1.45 0.00 -23.31 0.00 34.12
4 3.72 0.02 -1.43 0.00 14.30
5 16.50 0.02 34.46 0.00 13.44
6 4.21 0.00 -0.69 0.00 10.85
7 7.70 0.00 -28.02 0.00 23.84
8 1.73 0.00 -21.30 0.00 31.04
9 5.62 0.01 -39.95 0.00 21.66
10 11.57 0.05 -26.09 0.00 8.42
11 7.07 0.00 -31.39 0.00 7.92
12 16.26 -0.02 32.63 0.00 13.75
13 6.29 0.00 -35.95 0.00 16.92
14 9.90 0.01 -32.26 0.00 16.71
15 5.47 0.00 -41.49 0.00 21.81
16 13.03 -0.02 -26.99 0.00 6.82
17 11.96 -0.06 -25.79 0.00 15.42
18 11.61 -0.05 -35.61 0.00 10.00
19 16.47 -0.03 32.93 0.00 16.19
20 8.74 0.00 -15.47 0.00 19.93
21 6.27 0.00 -35.33 0.00 15.62
22 5.17 0.00 -41.47 0.00 18.79
23 10.40 0.01 -27.21 0.00 11.57
24 10.18 0.00 -28.45 0.00 17.50
25 3.97 0.00 -0.77 0.00 11.19
26 7.92 0.00 -26.92 0.00 22.11
27 8.89 0.01 -17.42 0.00 20.94
28 15.11 0.00 55.25 0.00 22.27
29 12.63 0.01 -25.65 0.00 6.26
30 11.98 0.00 -21.70 0.00 6.32
31 16.10 0.00 35.13 0.00 13.40
32 11.72 -0.03 -26.42 0.00 7.14
33 16.35 -0.03 33.88 0.00 16.10
34 13.34 -0.01 -23.96 0.00 9.78
35 15.24 0.00 57.39 0.00 21.39
frameEnd
frameHead left bk
11 13 20 993
0 1 1 0 0 0 0
2328 9 0
0 4.47 0.00 -51.32 0.00 23.57
1 4.70 0.00 -50.98 0.00 20.14
2 4.95 0.00 -55.11 0.00 6.33
3 13.20 0.00 40.99 0.00 27.41
4 13.37 0.00 40.30 0.00 25.89
5 17.09 0.00 8.96 0.00 18.81
6 17.33 0.00 7.58 0.00 21.28
7 19.87 0.00 39.61 0.00 20.33
8 20.06 0.00 41.68 0.00 18.00
frameEnd
frameHead left ak
2328 16 0
0 17.40 0.00 7.55 0.00 21.28
1 13.24 0.00 41.33 0.00 25.67
2 17.09 0.01 9.87 0.00 19.14
3 17.11 -0.03 9.22 0.00 18.81
4 13.23 0.00 41.03 0.00 27.41
5 17.32 -0.02 8.32 0.00 19.06
6 4.59 0.01 -51.41 0.00 23.57
7 19.90 0.00 40.35 0.00 20.33
8 4.64 0.00 -51.48 0.00 20.14
9 4.95 0.00 -55.11 0.00 6.33
10 16.50 -0.01 19.16 0.00 17.31
11 16.52 -0.03 18.36 0.00 11.25
12 20.07 0.00 41.16 0.00 18.00
13 19.90 0.00 38.43 0.00 21.25
14 15.24 0.03 45.53 0.00 17.23
15 13.02 0.00 40.21 0.00 25.89
frameEnd
frameHead right bk
11 13 21 021
0 1 1 0 0 0 0
1725 29 0
0 1.44 0.00 -23.08 0.00 34.26
1 1.73 0.00 -21.70 0.00 30.93
2 3.71 0.00 -2.76 0.00 13.92
3 3.96 0.00 -1.38 0.00 11.16
4 4.21 0.00 0.00 0.00 11.11
5 5.20 0.00 -41.33 0.00 18.92
6 5.48 0.00 -40.99 0.00 22.00
7 5.70 0.00 -39.61 0.00 21.99
8 6.19 0.00 -36.51 0.00 15.77
9 6.36 0.00 -34.79 0.00 17.40
10 6.93 0.00 -29.97 0.00 9.83
11 7.18 0.00 -31.00 0.00 10.19
12 7.43 0.00 -28.59 0.00 20.21
13 7.92 0.00 -27.21 0.00 22.51
14 8.20 0.00 -22.73 0.00 20.54
15 8.68 0.00 -15.16 0.00 20.11
16 8.91 0.00 -15.84 0.00 20.71
17 9.16 0.00 -19.98 0.00 19.26
18 9.78 0.00 -33.76 0.00 17.46
19 10.15 0.00 -29.28 0.00 16.97
20 10.40 0.01 -29.28 0.00 10.34
21 11.64 0.00 -27.21 0.00 14.52
22 11.95 -0.01 -24.80 0.00 7.85
23 12.10 0.00 -26.87 0.00 9.83
24 13.37 0.00 -26.18 0.00 10.57
25 13.60 0.00 -25.14 0.00 13.52
26 16.30 0.00 33.07 0.00 16.02
27 16.53 0.00 35.13 0.00 13.52
28 16.84 0.00 32.38 0.00 17.43
frameEnd
frameHead right ak
1725 35 0
0 9.16 0.00 -19.95 0.00 19.26
1 7.08 0.00 -29.56 0.00 9.83
2 4.17 -0.01 -1.43 0.00 11.16
3 1.45 0.00 -23.30 0.00 34.26
4 16.50 0.02 34.47 0.00 13.44
5 4.21 0.00 -0.27 0.00 11.11
6 7.63 -0.01 -28.20 0.00 20.21
7 3.71 0.00 -2.76 0.00 13.92
8 1.73 0.00 -21.31 0.00 30.93
9 5.63 0.01 -39.74 0.00 21.99
10 11.57 0.05 -26.12 0.00 14.52
11 7.08 0.00 -31.24 0.00 10.19
12 16.30 0.00 32.61 0.00 17.43
13 6.28 0.00 -36.08 0.00 15.77
14 9.88 0.00 -32.85 0.00 17.46
15 5.47 0.00 -41.21 0.00 22.00
16 13.05 -0.01 -26.93 0.00 10.57
17 11.96 -0.06 -25.86 0.00 15.42
18 11.60 -0.04 -36.16 0.00 10.00
19 16.45 -0.04 32.98 0.00 16.02
20 8.75 0.01 -15.70 0.00 20.71
21 6.30 0.00 -35.08 0.00 17.40
22 5.17 0.00 -41.45 0.00 18.92
23 10.41 0.01 -29.17 0.00 10.34
24 10.18 0.00 -28.48 0.00 16.97
25 8.20 0.00 -22.73 0.00 20.54
26 7.92 0.00 -27.00 0.00 22.51
27 8.87 -0.01 -16.46 0.00 20.11
28 15.11 0.00 55.25 0.00 22.27
29 12.29 -0.01 -25.43 0.00 7.85
30 16.53 0.00 35.13 0.00 13.52
31 11.75 -0.01 -26.46 0.00 9.83
32 16.35 -0.03 33.95 0.00 16.10
33 13.36 0.00 -24.08 0.00 13.52
34 15.24 0.00 57.39 0.00 21.39
frameEnd
frameHead left bk
11 13 21 043
0 1 1 0 0 0 0
2329 15 0
0 4.49 0.00 -52.36 0.00 23.32
1 4.70 0.00 -52.70 0.00 20.26
2 4.95 0.00 -58.56 0.00 7.62
3 12.88 0.00 40.30 0.00 22.48
4 13.20 0.00 40.99 0.00 27.47
5 13.37 0.00 40.30 0.00 25.83
6 17.09 0.00 8.61 0.00 19.30
7 17.33 0.00 7.23 0.00 21.42
8 19.87 0.00 38.92 0.00 20.76
9 20.06 0.00 39.96 0.00 18.76
10 20.30 0.00 40.99 0.00 13.60
11 22.73 -0.01 -9.99 0.00 8.92
12 23.03 -0.01 -9.99 0.00 4.61
13 29.44 0.00 -19.29 0.00 12.01
14 29.71 0.00 -18.60 0.00 12.30
frameEnd
frameHead left ak
2329 20 0
0 17.39 0.00 7.54 0.00 21.42
1 13.26 0.00 41.18 0.00 25.83
2 17.09 0.01 9.91 0.00 19.14
3 17.11 -0.03 9.25 0.00 18.81
4 13.22 0.00 41.03 0.00 27.47
5 17.28 -0.02 8.39 0.00 19.30
6 4.60 0.01 -51.77 0.00 20.26
7 19.92 0.00 40.41 0.00 18.76
8 4.62 0.00 -51.74 0.00 23.32
9 4.95 0.00 -58.56 0.00 7.62
10 16.50 -0.01 19.22 0.00 17.31
11 16.52 -0.03 18.25 0.00 11.25
12 20.12 0.00 41.22 0.00 13.60
13 19.90 0.00 38.61 0.00 20.76
14 22.73 -0.01 -9.99 0.00 8.92
15 23.03 -0.01 -9.99 0.00 4.61
16 29.44 0.00 -19.29 0.00 12.01
17 15.24 0.04 45.70 0.00 17.23
18 29.71 0.00 -18.60 0.00 12.30
19 13.00 0.00 40.22 0.00 22.48
frameEnd
frameHead right bk
11 13 21 087
0 1 1 0 0 0 0
1726 27 0
0 1.44 0.00 -23.08 0.00 34.30
1 1.73 0.00 -21.36 0.00 31.11
2 3.71 0.00 -6.20 0.00 14.07
3 3.96 -0.01 -4.82 0.00 10.41
4 4.21 -0.01 -3.79 0.00 9.95
5 5.20 0.00 -42.02 0.00 18.99
6 5.49 0.00 -40.64 0.00 21.86
7 5.70 0.00 -38.92 0.00 22.01
8 6.19 0.00 -38.58 0.00 15.48
9 6.36 0.00 -36.86 0.00 17.13
10 6.69 -0.01 -34.10 0.00 13.23
11 7.18 0.00 -30.31 0.00 10.89
12 7.43 0.00 -28.24 0.00 20.63
13 7.69 0.00 -27.90 0.00 24.41
14 8.65 0.00 -15.16 0.00 20.01
15 8.91 0.00 -15.84 0.00 20.83
16 9.16 0.00 -18.94 0.00 18.85
17 9.84 0.00 -34.10 0.00 16.28
18 10.15 0.00 -29.97 0.00 16.47
19 10.40 -0.01 -29.62 0.00 12.14
20 11.41 0.00 -26.87 0.00 17.90
21 11.64 0.00 -28.24 0.00 14.30
22 11.95 0.00 -24.46 0.00 5.33
23 16.10 0.00 34.10 0.00 11.87
24 16.33 0.00 33.07 0.00 15.39
25 19.07 0.00 11.37 0.00 11.13
26 19.56 0.00 12.40 0.00 10.65
frameEnd
frameHead right ak
1726 35 0
0 9.16 0.00 -19.43 0.00 18.85
1 1.45 0.00 -23.29 0.00 34.30
2 3.71 0.00 -6.20 0.00 14.07
3 16.50 0.02 34.48 0.00 13.44
4 4.13 0.04 -2.87 0.00 10.41
5 7.59 -0.01 -28.22 0.00 20.63
6 4.21 -0.01 -3.66 0.00 9.95
7 1.73 0.00 -21.31 0.00 31.11
8 5.64 0.01 -39.34 0.00 22.01
9 11.58 0.05 -26.08 0.00 14.52
10 7.09 0.01 -30.89 0.00 10.89
11 16.30 0.00 32.60 0.00 17.43
12 6.28 0.00 -36.27 0.00 17.13
13 9.88 0.00 -33.39 0.00 16.28
14 5.48 0.00 -40.86 0.00 21.86
15 12.97 -0.05 -27.07 0.00 14.30
16 11.95 -0.06 -25.93 0.00 15.42
17 11.60 -0.02 -36.67 0.00 10.00
18 16.44 -0.04 33.02 0.00 15.39
19 8.75 0.00 -15.66 0.00 20.01
20 6.40 0.00 -34.60 0.00 13.23
21 5.17 0.00 -41.69 0.00 18.99
22 10.40 0.00 -29.38 0.00 12.14
23 10.17 0.00 -28.54 0.00 16.47
24 6.19 0.00 -38.58 0.00 15.48
25 7.88 0.00 -27.36 0.00 24.41
26 8.87 -0.01 -15.95 0.00 20.83
27 15.11 0.00 55.24 0.00 22.27
28 12.18 -0.01 -25.11 0.00 5.33
29 19.07 0.00 11.37 0.00 11.13
30 19.56 0.00 12.40 0.00 10.65
31 11.73 -0.02 -26.53 0.00 17.90
32 16.33 -0.04 34.03 0.00 11.87
33 13.36 0.00 -24.05 0.00 13.52
34 15.24 0.00 57.38 0.00 21.39
frameEnd
frameHead left bk
11 13 21 101
0 1 1 0 0 0 0
2330 8 0
0 4.21 0.00 -52.70 0.00 18.50
1 4.47 0.00 -51.32 0.00 23.61
2 4.70 0.00 -50.29 0.00 19.84
3 13.22 0.00 40.99 0.00 27.71
4 13.37 0.00 40.30 0.00 26.10
5 17.09 0.00 8.61 0.00 18.91
6 17.33 0.00 6.89 0.00 21.36
7 17.50 0.00 6.89 0.00 22.37
frameEnd
frameHead left ak
2330 16 0
0 17.38 0.00 7.49 0.00 21.36
1 13.26 0.00 41.19 0.00 25.83
2 17.09 0.01 9.94 0.00 19.14
3 17.11 -0.03 9.29 0.00 18.81
4 13.22 0.00 41.02 0.00 27.71
5 17.25 -0.02 8.45 0.00 18.91
6 4.57 0.00 -52.05 0.00 18.50
7 19.92 0.00 40.54 0.00 18.76
8 4.60 0.00 -51.55 0.00 23.61
9 4.70 0.00 -50.29 0.00 19.84
10 16.50 -0.01 19.27 0.00 17.31
11 16.51 -0.03 18.14 0.00 11.25
12 20.12 0.00 41.25 0.00 13.60
13 19.90 0.00 38.60 0.00 20.76
14 17.50 0.00 6.89 0.00 22.37
15 13.04 0.00 40.23 0.00 26.10
frameEnd
frameHead right bk
11 13 21 157
0 1 1 0 0 0 0
1727 29 0
0 1.44 0.00 -23.08 0.00 34.06
1 1.73 0.00 -20.67 0.00 30.80
2 3.71 0.00 0.00 0.00 13.64
3 3.96 0.00 -1.38 0.00 10.31
4 4.21 0.00 -2.41 0.00 10.74
5 4.95 0.00 -43.40 0.00 15.10
6 5.20 0.00 -42.71 0.00 19.15
7 5.48 0.00 -41.68 0.00 21.97
8 6.02 0.00 -40.30 0.00 15.83
9 6.19 0.00 -35.82 0.00 16.34
10 6.35 0.00 -35.48 0.00 16.99
11 7.18 -0.01 -26.18 0.00 9.93
12 7.43 0.00 -27.21 0.00 19.77
13 7.69 0.00 -27.56 0.00 23.94
14 7.92 0.00 -26.87 0.00 22.58
15 8.68 0.00 -14.81 0.00 20.17
16 8.91 0.00 -14.81 0.00 20.77
17 9.16 0.00 -17.22 0.00 18.71
18 10.15 0.00 -29.62 0.00 16.93
19 10.40 0.01 -28.24 0.00 11.86
20 11.39 0.00 -26.52 0.00 17.96
21 11.64 0.00 -27.90 0.00 14.27
22 12.40 0.00 -24.46 0.00 4.85
23 12.77 0.00 -24.11 0.00 8.25
24 15.10 0.00 54.08 0.00 22.96
25 15.24 0.00 57.18 0.00 22.40
26 16.31 0.00 31.34 0.00 16.59
27 16.54 0.00 32.38 0.00 14.33
28 16.84 0.00 31.00 0.00 16.69
frameEnd
frameHead right ak
1727 34 0
0 9.16 0.01 -18.50 0.00 18.71
1 3.71 0.00 0.00 0.00 13.64
2 4.95 0.00 -43.40 0.00 15.10
3 1.45 0.00 -23.28 0.00 34.06
4 3.97 0.00 -1.72 0.00 10.31
5 16.49 0.01 34.36 0.00 16.59
6 4.21 0.00 -2.98 0.00 10.74
7 1.73 0.00 -21.30 0.00 30.80
8 11.58 0.05 -26.04 0.00 14.52
9 7.13 0.03 -29.55 0.00 19.77
10 16.32 0.01 32.59 0.00 14.33
11 6.28 0.00 -36.13 0.00 16.34
12 5.59 0.01 -40.47 0.00 15.83
13 12.90 -0.08 -27.16 0.00 14.27
14 11.95 -0.06 -26.01 0.00 15.42
15 11.60 -0.01 -37.20 0.00 10.00
16 16.44 -0.04 33.06 0.00 15.39
17 8.74 0.00 -15.55 0.00 20.17
18 6.39 0.00 -34.91 0.00 16.99
19 5.21 0.01 -41.75 0.00 21.97
20 10.32 -0.01 -29.43 0.00 16.93
21 10.18 0.01 -28.51 0.00 11.86
22 5.20 0.00 -42.71 0.00 19.15
23 7.86 -0.01 -27.46 0.00 23.94
24 8.88 -0.01 -15.28 0.00 20.77
25 15.11 0.00 55.19 0.00 22.96
26 12.23 0.00 -24.80 0.00 4.85
27 7.18 -0.01 -26.18 0.00 9.93
28 7.92 0.00 -26.87 0.00 22.58
29 16.84 0.00 31.00 0.00 16.69
30 11.70 -0.03 -26.55 0.00 17.96
31 16.33 -0.04 34.10 0.00 11.87
32 13.32 -0.02 -23.99 0.00 8.25
33 15.24 0.00 57.37 0.00 22.40
frameEnd
frameHead left bk
11 13 21 173
0 1 1 0 0 0 0
2331 20 0
0 4.47 0.00 -52.01 0.00 23.26
1 4.70 0.00 -50.98 0.00 19.76
2 4.95 0.00 -48.91 0.00 6.56
3 12.88 0.00 41.33 0.00 21.90
4 13.22 0.00 41.68 0.00 27.14
5 13.37 0.00 40.99 0.00 25.90
6 14.86 0.00 46.50 0.00 17.78
7 15.35 0.00 43.74 0.00 17.94
8 17.09 0.00 8.27 0.00 18.42
9 17.33 0.00 6.89 0.00 20.98
10 17.83 0.00 4.48 0.00 17.80
11 18.32 0.00 4.82 0.00 5.35
12 19.87 0.00 39.61 0.00 20.89
13 20.06 0.00 40.99 0.00 18.07
14 20.30 0.00 42.37 0.00 11.98
15 20.80 0.00 -4.13 0.00 6.58
16 21.05 0.00 -3.44 0.00 6.26
17 23.38 -0.03 -23.08 0.00 3.44
18 23.52 -0.01 -21.01 0.00 3.51
19 23.77 0.00 -21.70 0.00 1.96
frameEnd
frameHead left ak
2331 26 0
0 17.38 0.00 7.53 0.00 21.36
1 13.25 0.00 41.25 0.00 27.14
2 17.09 0.01 9.97 0.00 19.14
3 17.11 -0.03 9.33 0.00 18.81
4 13.24 0.00 41.02 0.00 25.90
5 17.23 -0.02 8.45 0.00 18.42
6 4.56 0.00 -52.05 0.00 23.26
7 19.92 0.00 40.67 0.00 18.76
8 4.61 0.00 -51.29 0.00 19.76
9 4.95 0.00 -48.99 0.00 6.56
10 16.50 -0.01 19.33 0.00 17.31
11 16.51 -0.03 18.03 0.00 11.25
12 20.11 0.00 41.19 0.00 18.07
13 19.89 0.00 38.96 0.00 20.89
14 17.33 0.00 6.89 0.00 20.98
15 14.86 0.00 46.50 0.00 17.78
16 15.35 0.00 43.74 0.00 17.94
17 17.83 0.00 4.48 0.00 17.80
18 18.32 0.00 4.82 0.00 5.35
19 13.02 0.00 40.34 0.00 21.90
20 20.30 0.00 42.37 0.00 11.98
21 20.80 0.00 -4.13 0.00 6.58
22 21.05 0.00 -3.44 0.00 6.26
23 23.38 -0.03 -23.08 0.00 3.44
24 23.52 -0.01 -21.01 0.00 3.51
25 23.77 0.00 -21.70 0.00 1.96
frameEnd
frameHead left bk
11 13 21 206
0 1 1 0 0 0 0
2332 13 0
0 4.47 0.00 -51.67 0.00 23.21
1 4.70 0.00 -51.67 0.00 19.72
2 4.95 0.00 -54.42 0.00 6.41
3 12.88 0.00 40.99 0.00 22.29
4 13.20 0.00 41.33 0.00 27.59
5 13.37 0.00 40.99 0.00 25.74
6 17.09 0.00 8.27 0.00 18.69
7 17.33 0.00 6.89 0.00 20.94
8 17.52 0.00 6.54 0.00 22.12
9 19.86 0.00 37.20 0.00 20.75
10 20.06 0.00 39.27 0.00 18.20
11 22.72 -0.01 -12.40 0.00 9.70
12 23.03 -0.01 -14.81 0.00 4.09
frameEnd
frameHead left ak
2332 19 0
0 17.38 0.00 7.58 0.00 21.36
1 13.25 0.00 41.26 0.00 27.59
2 17.09 0.01 10.01 0.00 19.14
3 17.11 -0.03 9.38 0.00 18.81
4 13.25 0.00 41.01 0.00 25.74
5 17.21 -0.02 8.46 0.00 18.69
6 4.55 0.00 -51.94 0.00 23.21
7 19.92 0.00 40.82 0.00 18.76
8 4.62 0.00 -51.34 0.00 19.72
9 4.95 0.00 -54.42 0.00 6.41
10 16.50 -0.02 19.40 0.00 17.31
11 16.51 -0.03 17.90 0.00 11.25
12 20.07 0.01 40.26 0.00 20.75
13 19.92 0.00 39.09 0.00 18.20
14 17.33 0.00 6.89 0.00 20.94
15 22.72 -0.01 -12.40 0.00 9.70
16 23.03 -0.01 -14.81 0.00 4.09
17 17.53 0.00 6.36 0.00 22.12
18 13.01 0.00 40.40 0.00 22.29
frameEnd
frameHead right bk
11 13 21 230
0 1 1 0 0 0 0
1728 32 0
0 1.44 0.00 -23.08 0.00 34.07
1 1.73 0.00 -21.70 0.00 30.73
2 3.71 0.00 -3.44 0.00 13.93
3 3.96 0.00 -3.79 0.00 10.42
4 4.21 0.00 -2.41 0.00 10.10
5 4.49 0.01 0.00 0.00 9.66
6 5.20 0.00 -40.99 0.00 19.89
7 5.48 0.00 -40.30 0.00 22.82
8 5.70 0.00 -38.58 0.00 22.77
9 6.19 0.00 -36.86 0.00 16.03
10 6.35 0.00 -35.48 0.00 17.31
11 6.93 -0.01 -31.00 0.00 10.34
12 7.06 -0.01 -30.66 0.00 10.43
13 7.43 0.00 -28.24 0.00 20.23
14 7.92 0.00 -27.21 0.00 22.47
15 8.20 0.00 -22.73 0.00 20.42
16 8.65 0.00 -14.81 0.00 20.10
17 8.91 0.00 -14.81 0.00 20.64
18 9.16 0.00 -18.26 0.00 18.96
19 9.89 0.00 -33.41 0.00 16.02
20 10.15 0.00 -29.28 0.00 16.64
21 10.40 0.00 -32.72 0.00 10.69
22 11.14 0.00 -30.31 0.00 9.22
23 11.41 0.00 -28.24 0.00 18.05
24 11.64 0.00 -31.00 0.00 15.71
25 12.38 0.01 -27.21 0.00 4.84
26 12.88 0.00 -24.80 0.00 5.02
27 15.10 0.00 55.11 0.00 22.39
28 15.26 0.00 57.18 0.00 21.95
29 16.28 0.00 31.34 0.00 15.60
30 16.56 0.00 32.72 0.00 12.35
31 16.84 0.00 31.69 0.00 16.93
frameEnd
frameHead right ak
1728 39 0
0 9.16 0.00 -18.27 0.00 18.96
1 4.48 0.01 0.00 0.00 9.66
2 3.96 0.00 -3.79 0.00 10.42
3 1.45 0.00 -23.27 0.00 34.07
4 3.84 0.00 -2.74 0.00 13.93
5 16.50 0.01 34.37 0.00 16.59
6 5.70 0.00 -38.58 0.00 22.77
7 6.93 -0.01 -31.00 0.00 10.34
8 4.21 0.00 -2.55 0.00 10.10
9 1.73 0.00 -21.31 0.00 30.73
10 7.06 -0.01 -30.66 0.00 10.43
11 11.58 0.06 -26.00 0.00 14.52
12 7.16 0.04 -28.92 0.00 20.23
13 16.34 0.01 32.59 0.00 12.35
14 6.28 0.00 -35.90 0.00 17.31
15 8.20 0.00 -22.73 0.00 20.42
16 5.57 0.00 -40.26 0.00 22.82
17 12.87 -0.09 -27.18 0.00 4.84
18 11.95 -0.06 -26.09 0.00 15.42
19 11.30 -0.28 -35.43 0.00 16.02
20 16.44 -0.04 33.10 0.00 15.39
21 8.74 0.00 -15.46 0.00 20.10
22 6.35 0.00 -35.76 0.00 16.03
23 5.21 0.01 -41.52 0.00 19.89
24 10.28 -0.01 -29.36 0.00 16.64
25 10.24 0.03 -28.47 0.00 18.05
26 10.40 0.00 -32.72 0.00 10.69
27 7.87 0.00 -27.42 0.00 22.47
28 8.88 -0.01 -14.73 0.00 20.64
29 15.11 0.00 55.18 0.00 22.39
30 12.36 0.01 -24.63 0.00 5.02
31 11.14 0.00 -30.31 0.00 9.22
32 11.64 0.00 -31.00 0.00 15.71
33 16.84 0.00 31.60 0.00 16.93
34 11.70 -0.03 -26.58 0.00 17.96
35 16.28 0.00 31.34 0.00 15.60
36 16.32 -0.04 34.18 0.00 11.87
37 13.32 -0.02 -23.95 0.00 8.25
38 15.24 0.00 57.35 0.00 21.95
frameEnd
frameHead left bk
11 13 21 250
0 1 1 0 0 0 0
2333 15 0
0 4.47 0.00 -52.36 0.00 23.27
1 4.70 0.00 -52.36 0.00 19.64
2 12.88 0.00 40.99 0.00 22.13
3 13.20 0.00 41.68 0.00 27.58
4 13.37 0.00 40.64 0.00 26.03
5 13.99 0.00 19.98 0.00 21.70
6 14.36 0.00 21.36 0.00 12.55
7 17.09 0.00 8.96 0.00 19.23
8 17.33 0.00 7.23 0.00 21.29
9 17.83 0.00 4.48 0.00 17.07
10 18.32 0.01 7.58 0.00 2.98
11 19.87 0.00 37.54 0.00 21.13
12 20.06 0.00 41.33 0.00 18.41
13 25.78 -0.01 40.99 0.00 6.17
14 26.00 -0.02 41.68 0.00 3.43
frameEnd
frameHead left ak
2333 19 0
0 17.47 0.01 7.64 0.00 2.98
1 13.24 0.00 41.30 0.00 27.58
2 17.09 0.01 10.04 0.00 19.14
3 17.10 -0.03 9.36 0.00 19.23
4 13.26 0.00 40.98 0.00 26.03
5 17.21 -0.02 8.49 0.00 18.69
6 4.55 0.00 -52.06 0.00 23.27
7 19.93 0.01 40.99 0.00 18.41
8 4.63 0.01 -51.63 0.00 19.64
9 13.99 0.00 19.98 0.00 21.70
10 15.76 -0.13 20.70 0.00 12.55
11 16.51 -0.03 17.78 0.00 11.25
12 20.07 0.01 40.18 0.00 20.75
13 19.91 0.00 38.69 0.00 21.13
14 17.33 0.00 7.01 0.00 21.29
15 17.83 0.00 4.48 0.00 17.07
16 25.78 -0.01 40.99 0.00 6.17
17 26.00 -0.02 41.68 0.00 3.43
18 13.00 0.00 40.44 0.00 22.13
frameEnd
frameHead right bk
11 13 21 301
0 1 1 0 0 0 0
1729 32 0
0 1.44 0.00 -23.08 0.00 34.82
1 1.73 0.00 -21.36 0.00 31.33
2 3.71 0.00 -2.41 0.00 14.11
3 3.96 0.00 -2.76 0.00 11.81
4 4.21 0.00 -1.38 0.00 11.69
5 5.20 0.00 -40.30 0.00 18.89
6 5.49 0.00 -39.96 0.00 22.31
7 5.70 0.00 -38.92 0.00 22.52
8 6.19 0.01 -39.27 0.00 17.34
9 6.36 0.00 -37.20 0.00 18.77
10 6.69 0.01 -35.82 0.00 14.67
11 7.06 0.00 -31.00 0.00 8.35
12 7.43 0.00 -27.21 0.00 19.53
13 7.68 0.00 -27.21 0.00 23.66
14 8.65 0.00 -15.50 0.00 20.26
15 8.91 0.00 -15.84 0.00 21.10
16 9.16 0.00 -19.29 0.00 19.22
17 9.87 0.00 -32.38 0.00 16.79
18 10.15 0.00 -29.62 0.00 16.90
19 10.40 0.01 -32.38 0.00 10.45
20 11.14 0.00 -34.10 0.00 8.92
21 11.42 0.00 -28.24 0.00 16.49
22 11.64 0.00 -28.59 0.00 15.51
23 12.10 0.00 -28.24 0.00 12.66
24 12.38 0.01 -28.93 0.00 6.99
25 13.37 0.00 -27.21 0.00 10.69
26 13.57 0.00 -24.46 0.00 13.22
27 15.10 0.00 55.46 0.00 21.98
28 15.26 0.00 58.90 0.00 21.34
29 16.28 0.00 30.66 0.00 15.70
30 16.56 0.00 30.31 0.00 12.96
31 16.84 0.00 32.72 0.00 17.20
frameEnd
frameHead right ak
1729 38 0
0 9.16 0.00 -18.54 0.00 19.22
1 4.35 0.01 -0.78 0.00 11.69
2 3.72 0.00 -2.33 0.00 14.11
3 1.45 0.00 -23.26 0.00 34.82
4 3.88 0.00 -2.88 0.00 11.81
5 16.50 0.01 34.38 0.00 16.59
6 5.70 0.00 -38.92 0.00 22.52
7 7.06 0.00 -31.00 0.00 8.35
8 1.73 0.00 -21.31 0.00 31.33
9 6.19 0.01 -39.27 0.00 17.34
10 11.59 0.06 -25.96 0.00 14.52
11 7.18 0.05 -28.14 0.00 19.53
12 16.34 0.02 32.59 0.00 12.35
13 6.29 0.00 -36.23 0.00 18.77
14 9.87 0.00 -32.38 0.00 16.79
15 5.56 0.00 -39.97 0.00 22.31
16 12.90 -0.07 -27.17 0.00 10.69
17 11.97 -0.02 -27.30 0.00 12.66
18 11.31 -0.19 -35.49 0.00 8.92
19 16.47 -0.01 33.10 0.00 17.20
20 8.73 0.00 -15.56 0.00 20.26
21 6.40 0.02 -35.98 0.00 14.67
22 5.21 0.01 -41.07 0.00 18.89
23 10.25 -0.01 -29.44 0.00 16.90
24 10.24 0.03 -28.45 0.00 18.05
25 10.40 0.01 -32.40 0.00 10.45
26 7.84 -0.01 -27.37 0.00 23.66
27 8.88 -0.01 -14.60 0.00 21.10
28 15.11 0.00 55.19 0.00 21.98
29 12.36 0.02 -24.52 0.00 5.02
30 11.64 0.00 -28.76 0.00 15.51
31 12.38 0.01 -29.18 0.00 6.99
32 16.56 0.00 30.31 0.00 12.96
33 11.68 -0.04 -26.75 0.00 16.49
34 16.28 0.00 30.74 0.00 15.70
35 16.32 -0.04 34.26 0.00 11.87
36 13.34 -0.01 -24.00 0.00 13.22
37 15.24 0.00 57.42 0.00 21.34
frameEnd
frameHead left bk
11 13 21 304
0 1 1 0 0 0 0
2334 12 0
0 4.49 0.00 -51.67 0.00 23.18
1 4.70 0.00 -50.98 0.00 20.11
2 4.95 0.00 -49.94 0.00 8.53
3 12.88 0.00 41.33 0.00 22.15
4 13.20 0.00 40.99 0.00 27.37
5 13.37 0.00 40.30 0.00 25.88
6 14.86 0.00 46.50 0.00 17.13
7 15.35 0.00 41.33 0.00 18.46
8 17.09 0.00 8.27 0.00 18.97
9 17.33 0.00 6.54 0.00 21.37
10 19.87 0.00 37.54 0.00 20.74
11 20.06 0.00 38.92 0.00 18.62
frameEnd
frameHead left ak
2334 18 0
0 17.47 0.01 7.69 0.00 2.98
1 13.21 0.00 41.31 0.00 22.15
2 17.09 0.02 10.08 0.00 19.14
3 17.10 -0.03 9.40 0.00 19.23
4 13.25 0.00 40.98 0.00 27.37
5 17.20 -0.02 8.49 0.00 18.97
6 4.56 0.00 -51.75 0.00 20.11
7 19.93 0.01 40.69 0.00 20.74
8 4.62 0.00 -51.62 0.00 23.18
9 4.95 0.00 -49.94 0.00 8.53
10 15.75 -0.13 20.88 0.00 12.55
11 16.51 -0.03 17.66 0.00 11.25
12 20.07 0.02 40.10 0.00 20.75
13 19.93 0.01 38.73 0.00 18.62
14 17.33 0.00 6.88 0.00 21.37
15 14.86 0.00 46.50 0.00 17.13
16 15.35 0.00 41.33 0.00 18.46
17 13.03 0.00 40.44 0.00 25.88
frameEnd
frameHead left bk
11 13 21 356
0 1 1 0 0 0 0
2335 13 0
0 4.47 0.00 -52.36 0.00 23.20
1 4.70 0.00 -51.32 0.00 19.84
2 13.20 0.00 41.68 0.00 27.62
3 13.37 0.00 40.99 0.00 25.87
4 16.36 0.00 18.60 0.00 17.58
5 16.68 0.00 20.32 0.00 12.24
6 17.09 0.00 8.96 0.00 18.88
7 17.33 0.00 7.92 0.00 21.72
8 17.52 0.00 7.23 0.00 23.11
9 19.87 0.00 39.27 0.00 20.83
10 20.06 0.00 40.99 0.00 18.65
11 21.30 0.01 -62.00 0.00 5.53
12 21.82 0.02 -62.00 0.00 1.21
frameEnd
frameHead left ak
2335 17 0
0 17.46 0.01 7.76 0.00 21.72
1 13.21 0.00 41.34 0.00 27.62
2 17.09 0.02 10.11 0.00 19.14
3 17.10 -0.03 9.44 0.00 19.23
4 13.26 0.00 40.98 0.00 25.87
5 17.19 -0.02 8.56 0.00 18.88
6 4.55 0.00 -51.89 0.00 23.20
7 19.94 0.01 40.81 0.00 18.65
8 4.63 0.00 -51.52 0.00 19.84
9 21.30 0.01 -62.00 0.00 5.53
10 16.00 -0.03 21.63 0.00 12.24
11 16.46 -0.03 18.13 0.00 17.58
12 20.07 0.02 40.02 0.00 20.75
13 19.92 0.00 38.86 0.00 20.83
14 17.37 0.00 6.96 0.00 23.11
15 21.82 0.02 -62.00 0.00 1.21
16 13.03 0.00 40.44 0.00 25.88
frameEnd
frameHead right bk
11 13 21 372
0 1 1 0 0 0 0
1730 33 0
0 1.44 0.00 -23.08 0.00 34.25
1 1.73 0.00 -21.70 0.00 30.82
2 3.71 0.00 -2.41 0.00 13.64
3 3.96 0.00 -2.76 0.00 9.89
4 4.21 0.00 -1.03 0.00 9.28
5 4.95 0.00 -42.02 0.00 13.21
6 5.20 0.00 -41.68 0.00 17.95
7 5.51 0.00 -40.64 0.00 21.88
8 5.70 0.00 -38.92 0.00 22.71
9 6.19 0.00 -36.51 0.00 16.68
10 6.35 0.00 -35.13 0.00 17.74
11 6.84 0.00 -32.03 0.00 9.76
12 7.18 0.00 -30.66 0.00 10.82
13 7.69 0.00 -28.24 0.00 24.19
14 7.92 0.00 -27.56 0.00 22.51
15 8.68 0.00 -15.16 0.00 20.18
16 8.91 0.00 -15.50 0.00 21.18
17 9.16 0.00 -18.26 0.00 18.92
18 9.81 0.00 -32.38 0.00 16.65
19 10.15 0.00 -28.24 0.00 16.52
20 10.90 -0.01 -27.21 0.00 10.99
21 11.14 0.00 -30.66 0.00 6.63
22 11.64 0.00 -29.28 0.00 14.79
23 11.96 -0.01 -26.87 0.00 6.92
24 12.10 -0.01 -27.56 0.00 10.72
25 12.88 -0.01 -26.18 0.00 9.11
26 13.37 0.00 -27.21 0.00 10.60
27 13.60 0.00 -25.14 0.00 12.72
28 15.10 0.00 53.39 0.00 22.68
29 15.26 0.00 56.14 0.00 22.15
30 16.10 -0.01 31.34 0.00 12.37
31 16.30 -0.01 31.34 0.00 15.60
32 16.54 0.00 33.41 0.00 14.13
frameEnd
frameHead right ak
1730 37 0
0 9.16 0.00 -18.37 0.00 18.92
1 4.30 0.00 -1.05 0.00 9.28
2 3.72 0.00 -2.38 0.00 13.64
3 1.45 0.00 -23.25 0.00 34.25
4 3.90 0.00 -2.91 0.00 9.89
5 16.50 0.01 34.39 0.00 16.59
6 5.70 0.00 -38.92 0.00 22.71
7 7.12 0.00 -30.82 0.00 10.82
8 4.95 0.00 -42.02 0.00 13.21
9 1.73 0.00 -21.31 0.00 30.82
10 5.20 0.00 -41.68 0.00 17.95
11 11.53 0.02 -26.08 0.00 10.99
12 7.22 0.05 -27.86 0.00 24.19
13 16.34 0.02 32.59 0.00 12.35
14 6.28 0.00 -36.30 0.00 16.68
15 9.81 0.00 -32.38 0.00 16.65
16 12.92 -0.05 -27.15 0.00 10.60
17 11.98 0.00 -27.58 0.00 10.72
18 11.30 -0.18 -35.95 0.00 8.92
19 16.48 -0.01 33.17 0.00 14.13
20 8.74 0.00 -15.62 0.00 21.18
21 6.40 0.01 -35.74 0.00 17.74
22 5.23 0.02 -40.83 0.00 21.88
23 10.40 0.02 -29.95 0.00 6.63
24 10.24 0.03 -28.43 0.00 16.52
25 6.84 0.00 -32.03 0.00 9.76
26 7.85 0.00 -27.46 0.00 22.51
27 8.87 -0.02 -14.36 0.00 20.18
28 15.12 0.00 55.23 0.00 22.15
29 12.45 0.03 -25.15 0.00 9.11
30 11.64 0.00 -29.01 0.00 14.79
31 16.10 -0.01 31.24 0.00 12.37
32 11.70 -0.03 -26.77 0.00 6.92
33 16.29 -0.01 31.03 0.00 15.60
34 16.32 -0.04 34.34 0.00 11.87
35 13.36 0.00 -24.12 0.00 12.72
36 15.24 0.00 57.23 0.00 22.68
frameEnd
frameHead left bk
11 13 21 402
0 1 1 0 0 0 0
2336 17 0
0 4.47 0.00 -52.36 0.00 23.11
1 4.70 0.00 -51.32 0.00 19.41
2 4.95 -0.01 -48.22 0.00 8.12
3 12.88 0.00 41.33 0.00 21.56
4 13.22 0.00 42.02 0.00 27.07
5 13.37 0.00 40.99 0.00 25.67
6 14.01 0.00 19.63 0.00 21.81
7 14.36 0.00 22.39 0.00 13.36
8 14.86 0.00 47.88 0.00 16.86
9 15.43 0.00 43.06 0.00 17.66
10 16.34 0.00 19.63 0.00 18.04
11 16.68 0.00 22.39 0.00 11.99
12 17.09 0.00 8.27 0.00 18.88
13 17.33 0.00 7.58 0.00 21.48
14 17.50 0.00 7.58 0.00 22.29
15 19.87 0.00 36.51 0.00 20.47
16 20.06 0.00 37.89 0.00 18.24
frameEnd
frameHead left ak
2336 20 0
0 17.46 0.01 7.77 0.00 22.29
1 13.18 0.00 41.34 0.00 21.56
2 17.10 -0.02 9.48 0.00 19.23
3 13.27 0.00 40.98 0.00 25.67
4 17.18 -0.02 8.56 0.00 18.88
5 4.55 0.00 -52.00 0.00 23.11
6 19.93 0.01 40.43 0.00 20.47
7 4.63 0.00 -51.45 0.00 19.41
8 4.95 -0.01 -48.22 0.00 8.12
9 16.15 0.02 22.29 0.00 11.99
10 16.43 -0.02 18.69 0.00 18.04
11 20.08 0.03 39.93 0.00 20.75
12 19.93 0.01 38.65 0.00 18.24
13 17.36 0.00 7.12 0.00 21.48
14 13.22 0.00 42.02 0.00 27.07
15 14.01 0.00 19.63 0.00 21.81
16 14.36 0.00 22.39 0.00 13.36
17 14.86 0.00 47.88 0.00 16.86
18 13.03 0.00 40.44 0.00 25.88
19 15.43 0.00 43.06 0.00 17.66
frameEnd
frameHead right bk
11 13 21 448
0 1 1 0 0 0 0
1731 34 0
0 1.44 0.00 -23.08 0.00 34.20
1 1.73 0.00 -21.01 0.00 30.86
2 3.71 0.00 -3.10 0.00 14.00
3 3.96 0.00 -2.07 0.00 10.05
4 4.21 0.01 -1.72 0.00 8.91
5 5.20 0.00 -42.37 0.00 19.31
6 5.48 0.00 -41.68 0.00 22.14
7 5.70 0.00 -39.96 0.00 22.19
8 6.19 0.00 -35.82 0.00 15.27
9 6.35 0.00 -34.79 0.00 16.48
10 6.93 0.00 -32.03 0.00 9.20
11 7.18 0.00 -30.31 0.00 10.49
12 7.43 0.00 -28.24 0.00 19.84
13 7.92 0.00 -27.56 0.00 22.75
14 8.20 0.00 -23.42 0.00 20.57
15 8.67 0.00 -14.81 0.00 19.99
16 8.91 0.00 -15.16 0.00 20.50
17 9.16 0.00 -18.60 0.00 18.34
18 9.86 0.00 -32.03 0.00 17.21
19 10.15 0.00 -27.90 0.00 17.69
20 10.90 -0.01 -29.28 0.00 7.01
21 11.14 -0.01 -31.34 0.00 9.05
22 11.64 -0.01 -31.00 0.00 15.11
23 12.10 0.00 -27.90 0.00 10.10
24 13.37 0.00 -27.21 0.00 11.26
25 13.59 0.00 -25.14 0.00 13.69
26 15.10 0.00 54.42 0.00 22.28
27 15.26 0.00 57.52 0.00 21.68
28 16.23 -0.01 31.34 0.00 15.19
29 16.53 0.00 33.07 0.00 13.93
30 16.84 0.00 33.07 0.00 18.45
31 17.09 0.00 31.69 0.00 21.67
32 19.27 0.00 12.40 0.00 13.65
33 19.56 0.00 14.81 0.00 9.88
frameEnd
frameHead right ak
1731 39 0
0 9.16 0.00 -18.39 0.00 18.34
1 4.28 0.00 -1.57 0.00 8.91
2 3.80 0.00 -2.19 0.00 10.05
3 1.45 0.00 -23.24 0.00 34.20
4 3.86 0.00 -3.09 0.00 14.00
5 16.52 0.02 34.32 0.00 18.45
6 8.20 0.00 -23.42 0.00 20.57
7 7.14 0.00 -30.56 0.00 10.49
8 5.20 0.00 -42.35 0.00 19.31
9 1.73 0.00 -21.31 0.00 30.86
10 5.48 0.00 -41.68 0.00 22.14
11 11.53 0.03 -26.04 0.00 10.99
12 7.24 0.05 -27.73 0.00 19.84
13 16.34 0.02 32.58 0.00 12.35
14 6.29 0.00 -35.87 0.00 16.48
15 9.84 0.00 -32.20 0.00 17.21
16 11.64 -0.01 -31.00 0.00 15.11
17 12.94 -0.03 -27.13 0.00 11.26
18 11.99 0.01 -27.87 0.00 10.10
19 11.30 -0.14 -35.04 0.00 9.05
20 16.48 -0.01 33.20 0.00 13.93
21 8.75 0.01 -15.57 0.00 20.50
22 6.37 0.00 -35.84 0.00 15.27
23 5.27 0.03 -40.39 0.00 22.19
24 10.48 0.02 -29.82 0.00 7.01
25 10.23 0.02 -28.40 0.00 17.69
26 6.93 0.00 -32.03 0.00 9.20
27 7.86 0.00 -27.52 0.00 22.75
28 8.86 -0.03 -14.09 0.00 19.99
29 15.12 0.00 55.19 0.00 22.28
30 12.45 0.03 -25.21 0.00 9.11
31 19.27 0.00 12.40 0.00 13.65
32 19.56 0.00 14.81 0.00 9.88
33 16.17 -0.01 31.33 0.00 15.19
34 11.70 -0.03 -26.80 0.00 6.92
35 16.55 0.01 31.27 0.00 21.67
36 16.32 -0.04 34.43 0.00 11.87
37 13.37 0.01 -24.22 0.00 13.69
38 15.24 0.00 57.24 0.00 21.68
frameEnd
frameHead left bk
11 13 21 463
0 1 1 0 0 0 0
2337 11 0
0 4.49 0.00 -51.67 0.00 23.43
1 4.70 0.00 -51.32 0.00 20.28
2 4.95 0.00 -50.29 0.00 8.42
3 12.88 0.00 40.99 0.00 21.67
4 13.22 0.00 41.68 0.00 27.38
5 13.37 0.00 40.64 0.00 25.97
6 14.01 0.00 18.94 0.00 21.74
7 14.36 0.00 19.63 0.00 13.03
8 17.09 0.00 8.27 0.00 18.38
9 17.33 0.00 6.89 0.00 21.11
10 17.52 0.00 6.89 0.00 22.48
frameEnd
frameHead left ak
2337 17 0
0 17.47 0.01 7.67 0.00 22.48
1 13.18 0.00 41.36 0.00 27.38
2 17.10 -0.02 9.52 0.00 19.23
3 13.27 0.00 40.96 0.00 25.97
4 17.17 -0.02 8.57 0.00 18.38
5 4.54 0.00 -51.90 0.00 23.43
6 19.93 0.01 40.53 0.00 20.47
7 4.64 0.01 -51.39 0.00 20.28
8 4.96 0.00 -50.26 0.00 8.42
9 15.77 -0.06 21.10 0.00 21.74
10 16.43 -0.02 18.66 0.00 18.04
11 20.08 0.03 39.85 0.00 20.75
12 19.93 0.01 38.64 0.00 18.24
13 17.36 0.00 7.08 0.00 21.11
14 12.88 0.00 41.05 0.00 21.67
15 14.36 0.00 19.63 0.00 13.03
16 13.03 0.00 40.44 0.00 25.88
frameEnd
frameHead left bk
11 13 21 502
0 1 1 0 0 0 0
2338 11 0
0 4.47 0.00 -52.36 0.00 22.99
1 4.70 0.00 -53.04 0.00 19.18
2 13.22 0.00 40.99 0.00 27.34
3 13.37 0.00 40.30 0.00 26.02
4 17.09 0.00 8.27 0.00 18.97
5 17.33 0.00 7.92 0.00 21.43
6 17.52 0.00 7.23 0.00 22.53
7 19.87 0.00 38.92 0.00 20.08
8 20.06 0.00 40.30 0.00 17.30
9 21.05 -0.01 -62.00 0.00 3.84
10 21.40 -0.02 -62.00 0.00 1.29
frameEnd
frameHead left ak
2338 16 0
0 17.46 0.00 7.74 0.00 21.43
1 13.18 0.00 41.37 0.00 27.38
2 21.05 -0.01 -62.00 0.00 3.84
3 17.10 -0.02 9.55 0.00 19.23
4 13.27 0.00 40.96 0.00 27.34
5 17.16 -0.02 8.57 0.00 18.97
6 4.54 -0.01 -52.00 0.00 22.99
7 19.94 0.01 40.57 0.00 17.30
8 4.64 0.01 -51.89 0.00 19.18
9 21.40 -0.02 -62.00 0.00 1.29
10 15.77 -0.05 21.33 0.00 21.74
11 16.43 -0.02 18.62 0.00 18.04
12 20.08 0.03 39.76 0.00 20.75
13 19.93 0.00 38.71 0.00 20.08
14 17.38 0.00 7.13 0.00 22.53
15 13.05 0.00 40.44 0.00 26.02
frameEnd
frameHead right bk
11 13 21 516
0 1 1 0 0 0 0
1732 28 0
0 1.44 0.00 -23.08 0.00 34.28
1 1.73 0.00 -21.01 0.00 30.74
2 3.71 0.00 -3.10 0.00 13.75
3 3.96 0.00 -3.44 0.00 9.85
4 4.21 0.00 -1.72 0.00 10.08
5 4.46 0.00 0.69 0.00 9.98
6 5.20 0.00 -41.33 0.00 19.42
7 5.49 0.00 -40.30 0.00 22.84
8 5.70 0.00 -37.89 0.00 22.84
9 6.19 0.00 -37.54 0.00 15.74
10 6.35 0.00 -34.79 0.00 16.63
11 6.93 0.00 -31.69 0.00 11.53
12 7.18 -0.01 -30.66 0.00 10.20
13 7.43 0.00 -28.24 0.00 20.32
14 7.69 0.00 -28.24 0.00 24.67
15 8.68 0.00 -14.47 0.00 19.74
16 8.91 0.00 -14.47 0.00 20.07
17 9.16 0.00 -17.22 0.00 17.72
18 9.89 0.00 -31.00 0.00 16.76
19 10.15 -0.01 -27.56 0.00 17.33
20 11.41 0.00 -25.83 0.00 16.89
21 11.64 0.00 -27.90 0.00 14.20
22 12.63 0.01 -23.42 0.00 6.68
23 12.78 0.00 -24.11 0.00 7.16
24 16.10 0.00 34.10 0.00 13.19
25 16.28 0.00 33.07 0.00 16.20
26 16.53 0.00 34.44 0.00 14.61
27 16.84 0.00 32.03 0.00 17.71
frameEnd
frameHead right ak
1732 36 0
0 9.16 0.00 -17.88 0.00 17.72
1 4.26 0.00 -1.84 0.00 10.08
2 3.78 0.00 -2.71 0.00 13.75
3 1.45 0.00 -23.23 0.00 34.28
4 3.88 0.00 -3.36 0.00 9.85
5 16.52 0.02 34.33 0.00 14.61
6 4.46 0.00 0.69 0.00 9.98
7 7.15 -0.01 -30.55 0.00 10.20
8 5.70 0.00 -37.89 0.00 22.84
9 1.73 0.00 -21.30 0.00 30.74
10 5.34 0.00 -41.48 0.00 19.42
11 11.52 0.02 -26.00 0.00 16.89
12 7.25 0.04 -27.65 0.00 20.32
13 16.34 0.02 32.58 0.00 12.35
14 6.29 0.00 -35.52 0.00 16.63
15 9.85 0.00 -31.68 0.00 16.76
16 12.63 0.01 -23.42 0.00 6.68
17 12.94 -0.03 -27.14 0.00 11.26
18 11.96 0.00 -28.03 0.00 14.20
19 11.29 -0.13 -35.48 0.00 9.05
20 16.47 -0.01 33.23 0.00 16.20
21 8.75 0.00 -15.38 0.00 19.74
22 6.35 0.00 -36.58 0.00 15.74
23 5.29 0.03 -40.23 0.00 22.84
24 10.48 0.02 -29.88 0.00 7.01
25 10.23 0.02 -28.35 0.00 17.33
26 6.93 0.00 -31.85 0.00 11.53
27 7.84 0.00 -27.81 0.00 24.67
28 8.86 -0.03 -13.82 0.00 20.07
29 15.12 0.00 55.18 0.00 22.28
30 12.46 0.04 -25.27 0.00 9.11
31 11.69 -0.02 -26.83 0.00 6.92
32 16.63 0.01 31.56 0.00 17.71
33 16.29 -0.05 34.43 0.00 13.19
34 13.33 -0.01 -24.14 0.00 7.16
35 15.24 0.00 57.23 0.00 21.68
frameEnd
frameHead left bk
11 13 21 551
0 1 1 0 0 0 0
2339 12 0
0 4.47 0.00 -52.36 0.00 23.23
1 4.70 0.00 -52.01 0.00 19.65
2 4.95 0.01 -51.67 0.00 6.87
3 12.88 0.00 41.33 0.00 22.31
4 13.20 0.00 42.02 0.00 27.43
5 13.37 0.00 40.99 0.00 25.85
6 17.09 0.00 7.58 0.00 18.47
7 17.33 0.00 7.23 0.00 21.50
8 17.53 0.00 6.89 0.00 22.70
9 17.83 0.00 6.54 0.00 17.89
10 19.87 0.00 40.30 0.00 19.83
11 20.06 0.00 41.33 0.00 17.95
frameEnd
frameHead left ak
2339 18 0
0 17.43 0.00 7.75 0.00 18.47
1 13.16 0.00 41.36 0.00 22.31
2 4.95 0.01 -51.67 0.00 6.87
3 17.10 -0.02 9.59 0.00 19.23
4 13.27 0.00 40.96 0.00 25.85
5 17.16 -0.02 8.60 0.00 18.97
6 4.54 -0.01 -52.08 0.00 23.23
7 19.94 0.01 40.63 0.00 19.83
8 4.64 0.01 -51.97 0.00 19.65
9 13.20 0.00 42.02 0.00 27.43
10 15.77 -0.04 21.57 0.00 21.74
11 16.43 -0.02 18.59 0.00 18.04
12 20.07 0.00 40.48 0.00 17.95
13 19.93 0.00 38.71 0.00 20.08
14 17.38 0.00 7.17 0.00 21.50
15 17.53 0.00 6.89 0.00 22.70
16 17.83 0.00 6.54 0.00 17.89
17 13.05 0.00 40.44 0.00 26.02
frameEnd
frameHead right bk
11 13 21 578
0 1 1 0 0 0 0
1733 26 0
0 1.44 0.00 -23.08 0.00 34.42
1 1.73 0.00 -21.01 0.00 31.48
2 3.71 0.00 -3.10 0.00 13.40
3 3.96 0.00 -1.72 0.00 9.03
4 4.21 0.01 0.69 0.00 8.78
5 5.20 0.00 -41.68 0.00 18.21
6 5.49 0.00 -40.30 0.00 21.86
7 5.70 0.00 -38.23 0.00 22.47
8 6.19 0.00 -37.89 0.00 15.73
9 6.36 0.00 -37.54 0.00 17.01
10 6.69 0.00 -34.79 0.00 14.15
11 7.07 0.01 -31.69 0.00 7.87
12 7.43 0.00 -27.90 0.00 19.68
13 7.69 0.00 -27.90 0.00 23.90
14 8.67 0.00 -14.47 0.00 19.81
15 8.91 0.00 -14.47 0.00 20.49
16 9.16 0.00 -16.88 0.00 18.12
17 10.15 0.00 -28.93 0.00 16.86
18 10.40 -0.01 -30.31 0.00 10.90
19 11.41 0.00 -25.83 0.00 17.93
20 11.64 0.00 -26.52 0.00 15.98
21 13.37 -0.01 -28.24 0.00 10.22
22 13.60 -0.01 -25.14 0.00 12.84
23 16.10 0.00 33.07 0.00 11.92
24 16.25 0.00 30.66 0.00 15.11
25 16.84 0.00 32.38 0.00 17.87
frameEnd
frameHead right ak
1733 34 0
0 9.16 0.00 -17.41 0.00 18.12
1 4.21 -0.01 -1.94 0.00 9.03
2 3.76 0.00 -2.98 0.00 13.40
3 1.45 0.00 -23.22 0.00 34.42
4 16.52 0.02 34.34 0.00 14.61
5 4.21 0.01 0.69 0.00 8.78
6 5.70 0.00 -38.23 0.00 22.47
7 1.73 0.00 -21.29 0.00 31.48
8 5.29 0.00 -41.56 0.00 18.21
9 11.51 0.02 -25.97 0.00 17.93
10 7.27 0.03 -27.56 0.00 19.68
11 16.34 0.02 32.58 0.00 12.35
12 6.31 0.02 -35.22 0.00 14.15
13 6.19 0.00 -37.89 0.00 15.73
14 12.96 -0.02 -27.17 0.00 10.22
15 11.96 0.00 -28.28 0.00 14.20
16 11.28 -0.11 -35.86 0.00 9.05
17 16.44 -0.02 33.26 0.00 11.92
18 8.75 0.00 -15.21 0.00 19.81
19 6.35 0.00 -37.09 0.00 17.01
20 5.30 0.03 -40.15 0.00 21.86
21 10.47 0.00 -30.12 0.00 10.90
22 10.23 0.02 -28.37 0.00 16.86
23 6.98 0.01 -31.75 0.00 7.87
24 7.83 -0.01 -27.90 0.00 23.90
25 8.86 -0.03 -13.67 0.00 20.49
26 15.12 0.00 55.18 0.00 22.28
27 12.46 0.04 -25.33 0.00 9.11
28 16.25 0.00 30.66 0.00 15.11
29 11.69 -0.02 -26.83 0.00 15.98
30 16.67 0.01 31.87 0.00 17.87
31 16.29 -0.05 34.51 0.00 13.19
32 13.35 0.00 -24.24 0.00 12.84
33 15.24 0.00 57.22 0.00 21.68
frameEnd
frameHead left bk
11 13 21 596
0 1 1 0 0 0 0
2340 12 0
0 4.47 0.00 -51.67 0.00 23.15
1 4.70 0.00 -51.32 0.00 19.53
2 13.22 0.00 41.33 0.00 27.30
3 13.37 0.00 40.99 0.00 25.80
4 14.86 0.00 45.81 0.00 17.26
5 15.46 0.00 44.09 0.00 17.77
6 17.09 0.00 8.27 0.00 18.34
7 17.33 0.00 7.58 0.00 21.86
8 17.55 0.00 7.23 0.00 23.78
9 17.83 0.00 7.58 0.00 19.60
10 19.87 0.00 41.33 0.00 19.91
11 20.06 0.00 43.06 0.00 17.88
frameEnd
frameHead left ak
2340 17 0
0 17.43 -0.01 7.76 0.00 21.86
1 13.17 0.00 41.36 0.00 27.30
2 4.71 0.00 -51.31 0.00 19.53
3 17.10 -0.02 9.63 0.00 19.23
4 13.28 0.00 40.96 0.00 25.80
5 17.16 -0.02 8.61 0.00 18.34
6 4.53 -0.01 -51.97 0.00 23.15
7 19.93 0.01 40.80 0.00 19.91
8 14.86 0.00 45.81 0.00 17.26
9 15.77 -0.04 21.82 0.00 21.74
10 16.43 -0.02 18.56 0.00 18.04
11 20.07 0.01 41.34 0.00 17.88
12 19.93 0.00 38.70 0.00 20.08
13 17.39 0.00 7.21 0.00 23.78
14 15.46 0.00 44.09 0.00 17.77
15 17.83 0.00 7.43 0.00 19.60
16 13.05 0.00 40.44 0.00 26.02
frameEnd
frameHead right bk
11 13 21 639
0 1 1 0 0 0 0
1734 30 0
0 1.44 0.00 -23.08 0.00 34.12
1 1.73 0.00 -21.36 0.00 30.78
2 3.71 0.00 -1.38 0.00 13.90
3 3.96 0.00 0.34 0.00 9.94
4 4.21 0.00 1.03 0.00 9.95
5 5.20 0.00 -40.64 0.00 19.55
6 5.49 0.00 -40.30 0.00 22.41
7 5.70 0.00 -38.92 0.00 22.53
8 6.19 0.00 -37.20 0.00 16.44
9 6.36 0.00 -36.17 0.00 17.59
10 6.69 0.00 -35.13 0.00 12.74
11 7.18 0.00 -27.21 0.00 8.15
12 7.43 0.00 -27.21 0.00 19.86
13 7.69 0.00 -27.56 0.00 24.12
14 7.92 0.00 -26.87 0.00 22.41
15 8.62 0.00 -14.47 0.00 19.89
16 8.91 0.00 -14.81 0.00 20.23
17 9.16 0.00 -18.60 0.00 17.46
18 10.15 0.00 -28.24 0.00 16.94
19 10.40 0.00 -28.93 0.00 11.23
20 11.42 0.00 -25.14 0.00 18.59
21 11.64 0.00 -26.18 0.00 16.37
22 12.12 0.00 -26.87 0.00 7.65
23 13.37 0.00 -27.21 0.00 8.86
24 13.60 0.00 -25.14 0.00 12.03
25 15.10 0.00 55.46 0.00 22.42
26 15.26 0.00 59.59 0.00 21.90
27 16.31 0.00 32.38 0.00 17.08
28 16.56 0.00 33.07 0.00 15.05
29 16.84 0.00 33.41 0.00 17.10
frameEnd
frameHead right ak
1734 34 0
0 9.16 0.00 -17.67 0.00 17.46
1 4.14 -0.02 -1.84 0.00 13.90
2 3.80 0.01 -1.47 0.00 9.94
3 1.45 0.00 -23.22 0.00 34.12
4 6.36 0.00 -36.17 0.00 17.59
5 16.54 0.03 34.28 0.00 17.10
6 4.21 0.00 0.90 0.00 9.95
7 7.43 0.00 -27.21 0.00 19.86
8 5.70 0.00 -38.61 0.00 22.53
9 1.73 0.00 -21.29 0.00 30.78
10 5.27 0.00 -41.08 0.00 19.55
11 11.52 0.02 -25.94 0.00 16.37
12 7.26 0.02 -27.30 0.00 8.15
13 16.34 0.01 32.57 0.00 17.08
14 6.33 0.03 -35.10 0.00 12.74
15 7.92 0.00 -26.87 0.00 22.41
16 12.99 0.00 -27.16 0.00 8.86
17 11.96 0.01 -28.52 0.00 14.20
18 11.28 -0.10 -36.23 0.00 9.05
19 16.45 -0.02 33.28 0.00 15.05
20 8.76 0.00 -15.11 0.00 20.23
21 6.34 0.00 -37.31 0.00 16.44
22 5.32 0.03 -40.10 0.00 22.41
23 10.46 0.00 -29.71 0.00 11.23
24 10.22 0.02 -28.35 0.00 16.94
25 7.82 -0.01 -27.85 0.00 24.12
26 8.85 -0.03 -13.56 0.00 19.89
27 15.12 0.00 55.19 0.00 22.42
28 12.28 -0.08 -24.93 0.00 18.59
29 11.72 0.00 -26.84 0.00 7.65
30 16.67 0.01 31.98 0.00 17.87
31 16.29 -0.05 34.59 0.00 13.19
32 13.37 0.01 -24.33 0.00 12.03
33 15.24 0.00 57.32 0.00 21.90
frameEnd
frameHead left bk
11 13 21 655
0 1 1 0 0 0 0
2341 13 0
0 4.47 0.00 -52.36 0.00 23.43
1 4.70 0.00 -51.67 0.00 20.33
2 4.95 0.00 -57.87 0.00 9.00
3 13.22 0.00 41.33 0.00 26.99
4 13.37 0.00 40.30 0.00 25.84
5 14.86 0.00 44.78 0.00 17.41
6 15.43 0.00 43.74 0.00 18.02
7 17.09 0.00 8.61 0.00 19.34
8 17.33 0.00 7.58 0.00 21.74
9 17.53 0.00 6.89 0.00 23.19
10 19.87 0.00 40.64 0.00 19.94
11 20.06 0.00 41.68 0.00 17.51
12 20.30 0.00 42.71 0.00 12.58
frameEnd
frameHead left ak
2341 18 0
0 17.42 -0.01 7.77 0.00 21.74
1 13.17 0.00 41.36 0.00 26.99
2 4.71 0.00 -51.51 0.00 20.33
3 17.09 -0.02 9.67 0.00 19.23
4 13.28 0.00 40.96 0.00 25.80
5 17.15 -0.02 8.64 0.00 19.34
6 4.53 -0.01 -52.05 0.00 23.43
7 19.93 0.00 40.88 0.00 19.94
8 4.95 0.00 -57.87 0.00 9.00
9 14.86 0.00 44.88 0.00 17.41
10 15.77 -0.03 22.07 0.00 21.74
11 16.43 -0.02 18.53 0.00 18.04
12 20.07 0.01 41.44 0.00 17.51
13 19.93 0.00 38.70 0.00 20.08
14 17.41 0.01 7.15 0.00 23.19
15 15.43 0.00 43.78 0.00 18.02
16 20.30 0.00 42.71 0.00 12.58
17 13.08 0.00 40.44 0.00 25.84
frameEnd
frameHead left bk
11 13 21 701
0 1 1 0 0 0 0
2342 12 0
0 4.47 0.00 -53.04 0.00 22.96
1 4.70 0.00 -53.04 0.00 19.51
2 4.95 0.01 -57.87 0.00 5.99
3 12.88 0.00 40.99 0.00 22.60
4 13.22 0.00 40.99 0.00 27.67
5 13.37 0.00 40.30 0.00 25.92
6 14.11 0.00 19.63 0.00 21.77
7 14.36 0.00 22.04 0.00 12.92
8 17.09 0.00 9.99 0.00 19.40
9 17.33 0.00 7.92 0.00 21.40
10 19.87 0.00 39.96 0.00 20.24
11 20.06 0.00 41.33 0.00 17.76
frameEnd
frameHead left ak
2342 15 0
0 17.41 -0.01 7.83 0.00 21.40
1 13.15 0.00 41.34 0.00 22.60
2 4.71 0.01 -52.28 0.00 19.51
3 17.09 -0.02 9.75 0.00 19.40
4 13.28 0.00 40.96 0.00 27.67
5 17.15 -0.02 8.67 0.00 19.34
6 4.53 -0.01 -52.28 0.00 22.96
7 19.93 0.00 40.87 0.00 20.24
8 4.95 0.01 -57.87 0.00 5.99
9 15.54 -0.08 22.50 0.00 12.92
10 15.90 -0.17 17.94 0.00 21.77
11 20.07 0.01 41.45 0.00 17.76
12 19.93 0.00 38.69 0.00 20.08
13 17.41 0.01 7.17 0.00 23.19
14 13.09 0.00 40.43 0.00 25.92
frameEnd
frameHead right bk
11 13 21 716
0 1 1 0 0 0 0
1735 30 0
0 1.44 0.00 -23.77 0.00 34.14
1 1.73 0.00 -21.36 0.00 30.94
2 3.71 0.00 -2.76 0.00 13.86
3 3.96 0.00 -1.03 0.00 10.59
4 4.21 0.00 1.38 0.00 10.62
5 5.20 0.00 -41.68 0.00 18.85
6 5.48 0.00 -40.99 0.00 22.18
7 5.70 0.00 -39.27 0.00 22.63
8 6.19 0.00 -37.89 0.00 15.52
9 6.35 0.00 -35.13 0.00 17.14
10 6.98 0.00 -28.93 0.00 7.15
11 7.18 0.00 -27.90 0.00 9.44
12 7.43 0.00 -28.24 0.00 20.04
13 7.92 0.00 -27.56 0.00 22.63
14 8.20 0.00 -24.11 0.00 20.56
15 8.64 0.00 -15.50 0.00 19.80
16 8.91 0.00 -15.84 0.00 20.25
17 9.16 0.00 -19.29 0.00 18.12
18 9.89 0.00 -32.72 0.00 16.72
19 10.15 0.00 -29.97 0.00 16.80
20 10.40 0.00 -31.34 0.00 9.94
21 11.14 0.00 -29.62 0.00 15.51
22 11.41 0.00 -27.56 0.00 19.66
23 11.98 0.00 -28.59 0.00 6.41
24 12.12 0.00 -29.62 0.00 10.07
25 15.10 0.00 55.11 0.00 22.62
26 15.26 0.00 56.83 0.00 21.96
27 16.10 0.00 31.69 0.00 13.83
28 16.31 0.00 32.03 0.00 17.31
29 16.58 0.00 33.07 0.00 15.41
frameEnd
frameHead right ak
1735 37 0
0 9.14 0.00 -16.99 0.00 20.25
1 4.09 -0.02 -2.34 0.00 13.86
2 3.82 0.01 -1.14 0.00 10.59
3 1.45 0.00 -23.22 0.00 34.14
4 5.20 0.00 -41.68 0.00 18.85
5 16.55 0.03 34.29 0.00 17.10
6 4.21 0.00 1.19 0.00 10.62
7 7.18 0.00 -27.90 0.00 9.44
8 5.70 0.00 -38.97 0.00 22.63
9 1.73 0.00 -21.29 0.00 30.94
10 5.31 0.00 -40.95 0.00 22.18
11 11.52 0.02 -25.91 0.00 16.37
12 16.34 0.01 32.56 0.00 17.08
13 6.33 0.02 -35.02 0.00 17.14
14 6.98 0.00 -28.93 0.00 7.15
15 7.43 0.00 -28.24 0.00 20.04
16 12.99 0.00 -27.15 0.00 8.86
17 11.96 0.01 -28.69 0.00 6.41
18 11.09 -0.18 -36.36 0.00 16.72
19 16.46 -0.01 33.29 0.00 15.41
20 8.75 0.00 -15.23 0.00 19.80
21 6.33 -0.01 -37.69 0.00 15.52
22 10.42 -0.01 -29.82 0.00 16.80
23 10.27 0.03 -28.38 0.00 15.51
24 8.20 0.00 -24.11 0.00 20.56
25 7.83 0.00 -27.81 0.00 22.63
26 15.12 0.00 55.18 0.00 22.62
27 12.28 -0.08 -24.94 0.00 18.59
28 9.16 0.00 -19.29 0.00 18.12
29 10.40 0.00 -31.34 0.00 9.94
30 12.12 0.00 -29.62 0.00 10.07
31 11.70 -0.01 -26.92 0.00 19.66
32 16.61 -0.01 32.00 0.00 17.31
33 16.10 0.00 31.69 0.00 13.83
34 16.28 -0.05 34.67 0.00 13.19
35 13.37 0.01 -24.32 0.00 12.03
36 15.24 0.00 57.30 0.00 21.96
frameEnd
frameHead left bk
11 13 21 760
0 1 1 0 0 0 0
2343 17 0
0 3.47 0.00 26.52 0.00 8.39
1 3.73 0.00 34.79 0.00 2.49
2 4.47 0.00 -52.70 0.00 23.63
3 4.70 0.00 -52.01 0.00 20.15
4 4.95 0.00 -51.67 0.00 7.34
5 12.88 0.00 40.99 0.00 22.24
6 13.22 0.00 41.33 0.00 27.49
7 13.37 0.00 40.64 0.00 25.95
8 14.86 0.00 45.81 0.00 16.74
9 15.45 0.00 45.12 0.00 17.61
10 17.09 0.00 9.99 0.00 19.07
11 17.33 0.00 8.27 0.00 21.08
12 17.83 0.00 7.23 0.00 18.65
13 18.32 -0.01 7.58 0.00 4.48
14 19.87 0.00 40.30 0.00 20.60
15 20.06 0.00 40.99 0.00 18.68
16 20.30 -0.01 40.30 0.00 13.90
frameEnd
frameHead left ak
2343 20 0
0 17.41 -0.01 7.93 0.00 21.08
1 13.16 0.00 41.34 0.00 27.49
2 4.65 0.00 -52.59 0.00 23.63
3 17.09 -0.02 9.81 0.00 19.07
4 13.28 0.00 40.95 0.00 25.95
5 17.15 -0.02 8.70 0.00 19.34
6 4.54 0.00 -52.24 0.00 20.15
7 19.93 0.00 40.95 0.00 18.68
8 3.47 0.00 26.52 0.00 8.39
9 3.73 0.00 34.79 0.00 2.49
10 15.54 -0.07 22.80 0.00 12.92
11 15.89 -0.18 17.90 0.00 21.77
12 20.05 0.00 41.22 0.00 20.60
13 19.96 0.02 39.28 0.00 13.90
14 17.44 0.02 7.19 0.00 18.65
15 4.95 0.00 -51.67 0.00 7.34
16 14.86 0.00 45.81 0.00 16.74
17 15.45 0.00 45.12 0.00 17.61
18 18.32 -0.01 7.58 0.00 4.48
19 13.08 0.00 40.46 0.00 22.24
frameEnd
frameHead right bk
11 13 21 801
0 1 1 0 0 0 0
1736 28 0
0 1.44 0.00 -23.08 0.00 34.13
1 1.73 0.00 -21.36 0.00 30.75
2 3.71 0.01 -4.82 0.00 12.97
3 3.96 0.01 -3.44 0.00 9.58
4 4.21 0.00 -1.03 0.00 9.94
5 5.20 0.00 -42.71 0.00 18.25
6 5.51 0.00 -41.68 0.00 21.93
7 5.70 0.00 -39.61 0.00 22.49
8 6.19 0.00 -36.17 0.00 16.38
9 6.35 0.00 -35.82 0.00 17.12
10 6.69 0.00 -34.79 0.00 10.77
11 7.18 0.00 -32.38 0.00 10.11
12 7.43 0.00 -29.28 0.00 20.29
13 7.69 0.00 -28.24 0.00 24.40
14 8.67 0.00 -14.81 0.00 19.49
15 8.91 0.00 -15.50 0.00 20.59
16 9.16 0.00 -19.29 0.00 19.13
17 9.81 0.00 -34.44 0.00 16.26
18 10.15 0.00 -28.93 0.00 16.10
19 10.90 -0.01 -29.97 0.00 10.84
20 11.14 0.00 -28.59 0.00 11.32
21 11.64 0.00 -26.87 0.00 16.91
22 11.98 0.01 -27.21 0.00 7.63
23 12.12 0.00 -29.62 0.00 11.37
24 15.10 0.00 54.77 0.00 22.45
25 15.26 0.00 57.87 0.00 21.90
26 16.33 0.00 33.76 0.00 16.78
27 16.56 0.01 34.44 0.00 15.18
frameEnd
frameHead right ak
1736 34 0
0 9.10 -0.01 -16.16 0.00 19.49
1 4.07 -0.01 -2.98 0.00 9.58
2 3.87 0.02 -0.89 0.00 9.94
3 1.45 0.00 -23.22 0.00 34.13
4 5.51 0.00 -41.68 0.00 21.93
5 16.55 0.03 34.30 0.00 15.18
6 3.71 0.01 -4.82 0.00 12.97
7 5.70 0.00 -39.39 0.00 22.49
8 1.73 0.00 -21.29 0.00 30.75
9 11.52 0.03 -25.87 0.00 16.37
10 5.20 0.00 -42.71 0.00 18.25
11 16.34 0.02 32.56 0.00 17.08
12 6.35 0.03 -34.86 0.00 10.77
13 7.43 0.00 -29.25 0.00 20.29
14 7.69 0.00 -28.24 0.00 24.40
15 12.93 -0.03 -27.20 0.00 7.63
16 11.89 -0.03 -28.83 0.00 11.32
17 10.94 -0.20 -36.90 0.00 16.26
18 16.45 -0.01 33.37 0.00 16.78
19 8.76 0.01 -15.29 0.00 20.59
20 6.32 -0.01 -37.43 0.00 16.38
21 6.35 0.00 -35.82 0.00 17.12
22 10.47 0.00 -29.86 0.00 10.84
23 10.26 0.03 -28.40 0.00 16.10
24 7.18 0.00 -32.38 0.00 10.11
25 15.12 0.00 55.16 0.00 22.45
26 12.27 -0.09 -24.95 0.00 18.59
27 9.16 0.00 -19.29 0.00 19.13
28 12.12 0.00 -29.62 0.00 11.37
29 11.69 -0.01 -26.94 0.00 16.91
30 16.61 -0.01 32.10 0.00 17.31
31 16.28 -0.05 34.76 0.00 13.19
32 13.37 0.01 -24.30 0.00 12.03
33 15.24 0.00 57.32 0.00 21.90
frameEnd
frameHead left bk
11 13 21 803
0 1 1 0 0 0 0
2344 11 0
0 4.47 0.00 -52.01 0.00 23.65
1 4.70 0.00 -50.98 0.00 19.91
2 12.88 0.00 41.33 0.00 22.18
3 13.20 0.00 42.02 0.00 27.35
4 13.37 0.00 40.30 0.00 25.79
5 17.09 0.00 8.61 0.00 19.22
6 17.33 0.00 7.23 0.00 21.69
7 17.53 0.00 7.58 0.00 22.90
8 17.83 0.00 8.61 0.00 18.72
9 19.87 0.00 39.27 0.00 20.43
10 20.30 0.00 41.33 0.00 13.24
frameEnd
frameHead left ak
2344 15 0
0 17.42 -0.01 7.93 0.00 22.90
1 13.14 -0.01 41.34 0.00 22.18
2 4.66 0.00 -51.98 0.00 19.91
3 17.17 0.01 9.74 0.00 18.72
4 13.28 0.00 40.95 0.00 25.95
5 17.14 -0.02 8.72 0.00 19.22
6 4.53 0.00 -52.19 0.00 23.65
7 19.93 0.00 41.05 0.00 18.68
8 15.53 -0.07 23.11 0.00 12.92
9 15.88 -0.18 17.87 0.00 21.77
10 20.07 0.01 41.28 0.00 13.24
11 19.96 0.01 39.26 0.00 20.43
12 17.44 0.01 7.22 0.00 21.69
13 13.24 0.00 41.90 0.00 27.35
14 13.10 0.00 40.46 0.00 25.79
frameEnd
frameHead right bk
11 13 21 842
0 1 1 0 0 0 0
1737 28 0
0 1.44 0.00 -23.08 0.00 34.55
1 1.73 0.00 -21.01 0.00 31.10
2 3.71 0.00 -2.76 0.00 13.15
3 3.96 0.00 -1.72 0.00 10.03
4 4.21 0.00 -1.03 0.00 10.13
5 5.20 0.00 -40.99 0.00 19.11
6 5.48 0.00 -40.30 0.00 22.37
7 5.70 0.00 -38.58 0.00 22.53
8 6.19 0.00 -36.86 0.00 15.94
9 6.36 0.00 -35.82 0.00 17.18
10 6.69 0.00 -33.07 0.00 10.42
11 7.18 0.01 -31.00 0.00 10.14
12 7.43 0.00 -28.24 0.00 20.04
13 7.69 0.00 -27.90 0.00 23.86
14 8.65 0.00 -15.16 0.00 20.29
15 8.91 0.00 -14.47 0.00 19.97
16 9.16 0.00 -17.57 0.00 17.21
17 9.94 0.00 -32.38 0.00 16.06
18 10.15 0.00 -27.90 0.00 16.62
19 11.64 0.00 -24.46 0.00 15.76
20 11.96 0.00 -26.87 0.00 6.98
21 12.38 -0.02 -31.00 0.00 3.80
22 12.89 0.00 -27.90 0.00 7.84
23 15.10 0.00 53.39 0.00 22.17
24 15.28 0.00 55.11 0.00 21.85
25 16.10 0.00 34.10 0.00 13.28
26 16.28 0.00 32.72 0.00 15.94
27 16.56 0.01 31.34 0.00 14.02
frameEnd
frameHead right ak
1737 34 0
0 9.08 0.00 -15.40 0.00 19.97
1 4.03 -0.02 -3.12 0.00 13.15
2 3.91 0.02 -0.77 0.00 10.13
3 1.45 0.00 -23.21 0.00 34.55
4 5.35 0.00 -41.29 0.00 19.11
5 16.52 0.02 34.33 0.00 13.28
6 5.70 0.00 -38.58 0.00 22.53
7 3.97 0.00 -1.94 0.00 10.03
8 5.65 0.00 -39.97 0.00 22.37
9 1.73 0.00 -21.28 0.00 31.10
10 7.18 0.01 -31.00 0.00 10.14
11 11.52 0.03 -25.84 0.00 16.37
12 16.33 0.01 32.57 0.00 15.94
13 7.43 0.00 -28.74 0.00 20.04
14 7.69 0.00 -28.07 0.00 23.86
15 12.93 -0.03 -27.24 0.00 7.84
16 11.89 -0.02 -29.11 0.00 11.32
17 10.84 -0.19 -36.68 0.00 16.06
18 16.45 -0.01 33.42 0.00 16.78
19 8.75 0.00 -15.30 0.00 20.29
20 6.31 -0.01 -37.42 0.00 15.94
21 6.36 0.00 -35.82 0.00 17.18
22 10.47 0.00 -29.89 0.00 10.84
23 10.26 0.03 -28.37 0.00 16.62
24 6.69 0.00 -33.10 0.00 10.42
25 15.13 0.00 55.16 0.00 21.85
26 12.18 -0.10 -24.71 0.00 15.76
27 9.16 0.00 -18.40 0.00 17.21
28 12.25 -0.01 -30.30 0.00 3.80
29 11.71 0.00 -26.95 0.00 6.98
30 16.60 0.00 31.85 0.00 14.02
31 16.28 -0.05 34.85 0.00 13.19
32 13.37 0.01 -24.28 0.00 12.03
33 15.23 0.00 57.14 0.00 22.17
frameEnd
frameHead left bk
11 13 21 872
0 1 1 0 0 0 0
2345 13 0
0 4.47 0.00 -50.98 0.00 23.17
1 4.70 0.00 -50.29 0.00 19.54
2 12.88 0.00 40.99 0.00 22.22
3 13.22 0.00 40.99 0.00 27.34
4 13.37 0.00 40.64 0.00 25.81
5 17.09 0.00 9.64 0.00 19.27
6 17.33 0.00 7.58 0.00 21.27
7 19.56 0.00 41.33 0.00 16.28
8 19.87 0.00 40.30 0.00 20.43
9 20.06 0.00 39.96 0.00 18.28
10 28.99 0.00 -19.63 0.00 4.53
11 29.22 0.01 -22.04 0.00 10.00
12 29.47 0.01 -21.36 0.00 9.64
frameEnd
frameHead left ak
2345 17 0
0 17.42 -0.01 7.97 0.00 22.90
1 13.13 -0.01 41.33 0.00 22.22
2 4.63 0.00 -51.56 0.00 23.17
3 17.16 0.01 9.77 0.00 19.27
4 13.28 0.00 40.95 0.00 27.34
5 17.14 -0.02 8.75 0.00 19.22
6 4.54 0.00 -51.76 0.00 19.54
7 19.91 -0.01 41.19 0.00 16.28
8 28.99 0.00 -19.63 0.00 4.53
9 29.22 0.01 -22.04 0.00 10.00
10 15.53 -0.06 23.42 0.00 12.92
11 15.88 -0.19 17.84 0.00 21.77
12 20.05 0.00 41.11 0.00 20.43
13 19.96 0.01 39.47 0.00 18.28
14 17.43 0.00 7.32 0.00 21.27
15 29.47 0.01 -21.36 0.00 9.64
16 13.11 0.00 40.47 0.00 25.81
frameEnd
frameHead right bk
11 13 21 903
0 1 1 0 0 0 0
1738 30 0
0 1.44 0.00 -23.08 0.00 34.18
1 1.73 0.00 -20.67 0.00 30.81
2 3.71 0.00 -2.41 0.00 13.88
3 3.96 0.00 -1.72 0.00 10.43
4 4.21 0.00 0.34 0.00 10.18
5 5.20 0.00 -41.33 0.00 19.66
6 5.49 0.00 -40.64 0.00 22.72
7 5.70 0.00 -39.27 0.00 23.12
8 6.19 0.00 -37.89 0.00 15.91
9 6.36 0.00 -35.82 0.00 17.25
10 6.96 0.00 -28.93 0.00 8.58
11 7.18 0.01 -32.38 0.00 10.02
12 7.43 0.00 -28.59 0.00 20.07
13 7.92 0.00 -27.21 0.00 22.88
14 8.20 0.00 -23.08 0.00 20.47
15 8.67 0.00 -15.16 0.00 20.45
16 8.91 0.00 -15.50 0.00 20.37
17 9.16 0.00 -18.60 0.00 18.14
18 9.89 0.00 -31.69 0.00 16.04
19 10.15 0.00 -28.59 0.00 16.45
20 10.40 0.00 -29.28 0.00 8.97
21 11.42 0.00 -26.18 0.00 18.65
22 11.64 0.00 -25.83 0.00 16.59
23 15.10 0.00 54.77 0.00 22.50
24 15.26 0.00 57.18 0.00 22.19
25 16.10 0.00 34.10 0.00 13.35
26 16.28 -0.01 32.72 0.00 16.46
27 16.58 -0.01 32.03 0.00 14.34
28 17.10 0.00 30.66 0.00 21.43
29 17.33 0.00 28.93 0.00 17.21
frameEnd
frameHead right ak
1738 37 0
0 9.07 -0.01 -15.17 0.00 20.37
1 4.00 -0.02 -3.04 0.00 13.88
2 3.94 0.02 -0.21 0.00 10.18
3 1.45 0.00 -23.20 0.00 34.18
4 5.30 0.00 -41.28 0.00 19.66
5 16.49 0.00 34.35 0.00 13.35
6 5.70 0.00 -39.26 0.00 23.12
7 3.96 0.00 -1.81 0.00 10.43
8 5.63 -0.01 -40.45 0.00 22.72
9 1.73 0.00 -21.27 0.00 30.81
10 6.97 0.00 -28.93 0.00 8.58
11 11.53 0.03 -25.80 0.00 16.59
12 8.20 0.00 -23.08 0.00 20.47
13 16.33 0.01 32.59 0.00 16.46
14 9.89 0.00 -31.69 0.00 16.04
15 7.43 0.00 -28.63 0.00 20.07
16 7.77 0.00 -27.68 0.00 22.88
17 12.92 -0.03 -27.24 0.00 7.84
18 11.89 -0.02 -29.36 0.00 11.32
19 10.83 -0.18 -37.04 0.00 16.06
20 16.45 -0.01 33.46 0.00 16.78
21 8.75 0.00 -15.29 0.00 20.45
22 6.30 -0.01 -37.70 0.00 15.91
23 6.36 0.00 -35.82 0.00 17.25
24 10.46 0.00 -29.67 0.00 8.97
25 10.25 0.03 -28.37 0.00 16.45
26 6.93 0.01 -32.75 0.00 10.02
27 17.10 0.00 30.66 0.00 21.43
28 17.33 0.00 28.93 0.00 17.21
29 15.12 0.00 55.14 0.00 22.50
30 12.18 -0.10 -24.69 0.00 15.76
31 9.16 0.00 -18.43 0.00 18.14
32 11.69 -0.01 -26.92 0.00 18.65
33 16.60 -0.01 31.95 0.00 14.34
34 16.27 -0.05 34.94 0.00 13.19
35 13.37 0.01 -24.27 0.00 12.03
36 15.24 0.00 57.13 0.00 22.19
frameEnd
frameHead left bk
11 13 21 930
0 1 1 0 0 0 0
2346 15 0
0 3.47 0.01 24.11 0.00 9.63
1 3.73 0.00 27.56 0.00 4.66
2 4.21 0.00 -54.08 0.00 17.91
3 4.47 0.00 -52.70 0.00 23.19
4 13.22 0.00 41.33 0.00 27.61
5 13.37 0.00 41.33 0.00 25.87
6 13.99 0.00 19.63 0.00 21.97
7 14.36 0.00 21.36 0.00 12.87
8 14.86 0.00 51.32 0.00 17.18
9 15.35 0.00 48.57 0.00 17.96
10 17.52 0.00 6.54 0.00 22.04
11 17.83 0.00 6.20 0.00 17.05
12 19.56 0.00 40.99 0.00 15.91
13 19.87 0.00 40.30 0.00 20.55
14 20.30 0.00 42.71 0.00 12.85
frameEnd
frameHead left ak
2346 19 0
0 17.42 -0.01 8.02 0.00 22.90
1 13.13 -0.01 41.33 0.00 27.61
2 4.57 0.00 -52.60 0.00 17.91
3 17.23 0.02 9.48 0.00 17.05
4 13.28 0.00 40.97 0.00 25.87
5 17.14 -0.02 8.78 0.00 19.22
6 4.54 0.00 -51.93 0.00 23.19
7 19.89 -0.01 41.28 0.00 15.91
8 3.47 0.01 24.11 0.00 9.63
9 3.73 0.00 27.56 0.00 4.66
10 15.36 -0.11 23.04 0.00 12.87
11 15.52 -0.26 18.60 0.00 21.97
12 20.05 0.00 41.14 0.00 20.43
13 19.96 0.01 39.68 0.00 20.55
14 17.43 0.01 7.15 0.00 22.04
15 14.86 0.00 51.32 0.00 17.18
16 15.35 0.00 48.57 0.00 17.96
17 20.30 0.00 42.71 0.00 12.85
18 13.11 0.00 40.47 0.00 25.81
frameEnd
frameHead left bk
11 13 21 955
0 1 1 0 0 0 0
2347 10 0
0 4.47 0.00 -52.36 0.00 23.65
1 4.70 0.00 -52.01 0.00 20.35
2 4.95 -0.01 -53.39 0.00 8.36
3 12.88 0.00 40.30 0.00 21.74
4 13.22 0.00 41.33 0.00 27.07
5 13.37 0.00 40.30 0.00 25.81
6 17.09 0.00 8.27 0.00 18.81
7 17.33 0.00 6.89 0.00 21.08
8 19.87 0.00 42.37 0.00 19.95
9 20.06 0.00 43.74 0.00 17.94
frameEnd
frameHead left ak
2347 16 0
0 17.40 -0.02 8.09 0.00 18.81
1 13.13 -0.01 41.33 0.00 27.07
2 4.56 -0.01 -52.61 0.00 23.65
3 17.23 0.03 9.52 0.00 17.05
4 13.29 0.00 40.94 0.00 25.81
5 17.14 -0.02 8.81 0.00 19.22
6 4.54 0.00 -51.92 0.00 20.35
7 19.89 -0.01 41.37 0.00 15.91
8 4.95 -0.01 -53.39 0.00 8.36
9 15.35 -0.10 23.33 0.00 12.87
10 15.51 -0.26 18.64 0.00 21.97
11 20.06 0.00 41.75 0.00 17.94
12 19.96 0.01 39.75 0.00 20.55
13 17.43 0.00 7.10 0.00 21.08
14 19.87 0.00 42.42 0.00 19.95
15 13.10 0.00 40.46 0.00 21.74
frameEnd
frameHead right bk
11 13 21 983
0 1 1 0 0 0 0
1739 30 0
0 1.44 0.00 -23.08 0.00 34.07
1 1.73 0.00 -20.67 0.00 30.79
2 3.71 0.00 -2.41 0.00 14.24
3 3.96 0.00 -2.41 0.00 10.53
4 4.21 0.00 -0.34 0.00 10.17
5 4.95 0.00 -42.02 0.00 14.46
6 5.20 0.00 -41.68 0.00 19.46
7 5.48 0.00 -40.30 0.00 22.73
8 6.04 0.00 -40.30 0.00 15.98
9 6.19 0.00 -37.20 0.00 16.02
10 6.35 0.00 -36.51 0.00 16.82
11 6.93 0.01 -31.00 0.00 10.46
12 7.06 0.01 -29.28 0.00 9.52
13 7.69 0.00 -27.21 0.00 24.23
14 7.92 0.00 -26.52 0.00 22.62
15 8.20 0.00 -23.08 0.00 20.38
16 8.67 0.00 -14.12 0.00 19.76
17 8.91 0.00 -14.12 0.00 20.02
18 9.16 0.00 -18.26 0.00 17.34
19 11.44 0.00 -25.83 0.00 17.65
20 11.64 0.00 -25.83 0.00 16.66
21 12.09 -0.01 -25.83 0.00 11.35
22 12.91 -0.01 -22.73 0.00 7.75
23 16.10 0.00 34.44 0.00 13.01
24 16.30 0.01 33.07 0.00 15.80
25 16.54 0.01 33.76 0.00 13.80
26 17.33 0.00 28.59 0.00 17.04
27 17.83 0.00 30.31 0.00 1.85
28 19.07 0.00 12.06 0.00 12.33
29 19.27 0.00 12.40 0.00 13.04
frameEnd
frameHead right ak
1739 39 0
0 9.06 0.00 -14.57 0.00 20.02
1 3.98 -0.02 -2.97 0.00 14.24
2 3.97 0.02 -0.07 0.00 10.17
3 1.45 0.00 -23.19 0.00 34.07
4 5.28 0.00 -41.45 0.00 19.46
5 16.47 -0.01 34.38 0.00 13.01
6 5.87 0.01 -39.84 0.00 15.98
7 3.96 0.00 -2.13 0.00 10.53
8 5.60 -0.01 -40.62 0.00 22.73
9 1.73 0.00 -21.25 0.00 30.79
10 7.01 0.01 -29.08 0.00 9.52
11 11.52 0.03 -25.78 0.00 17.65
12 8.20 0.00 -23.08 0.00 20.38
13 16.33 0.01 32.62 0.00 15.80
14 4.95 0.00 -42.02 0.00 14.46
15 7.75 0.00 -27.42 0.00 24.23
16 12.92 -0.03 -27.24 0.00 7.84
17 11.89 -0.01 -29.65 0.00 11.32
18 10.82 -0.15 -37.48 0.00 16.06
19 16.46 -0.01 33.52 0.00 13.80
20 8.74 0.00 -15.08 0.00 19.76
21 6.29 -0.01 -37.70 0.00 16.02
22 6.36 0.00 -36.15 0.00 16.82
23 10.46 -0.01 -29.65 0.00 8.97
24 10.26 0.03 -28.35 0.00 16.45
25 6.94 0.02 -31.93 0.00 10.46
26 17.82 0.00 30.37 0.00 1.85
27 17.33 0.00 28.64 0.00 17.04
28 15.12 0.00 55.13 0.00 22.50
29 12.17 -0.07 -25.19 0.00 11.35
30 9.16 0.00 -18.32 0.00 17.34
31 7.92 0.00 -26.52 0.00 22.62
32 19.07 0.00 12.06 0.00 12.33
33 11.69 -0.01 -26.87 0.00 16.66
34 16.60 -0.01 32.01 0.00 14.34
35 19.27 0.00 12.40 0.00 13.04
36 16.27 -0.05 35.03 0.00 13.19
37 13.33 -0.01 -24.01 0.00 7.75
38 15.24 0.00 57.12 0.00 22.19
frameEnd
frameHead left bk
11 13 22 009
0 1 1 0 0 0 0
2348 11 0
0 4.47 0.00 -50.98 0.00 23.52
1 4.70 0.00 -50.29 0.00 20.17
2 4.95 0.00 -46.16 0.00 7.10
3 13.22 0.00 41.68 0.00 27.40
4 13.37 0.00 40.99 0.00 25.92
5 17.53 0.00 6.54 0.00 22.54
6 17.83 0.00 5.86 0.00 17.92
7 20.06 0.00 40.64 0.00 18.09
8 20.30 0.00 42.71 0.00 12.79
9 29.48 0.01 -21.36 0.00 12.03
10 29.71 0.00 -21.01 0.00 12.18
frameEnd
frameHead left ak
2348 18 0
0 17.40 -0.02 8.14 0.00 18.81
1 13.14 -0.01 41.35 0.00 27.40
2 4.57 0.00 -51.83 0.00 20.17
3 17.28 0.04 9.21 0.00 17.92
4 13.29 0.00 40.94 0.00 25.92
5 17.14 -0.02 8.84 0.00 19.22
6 4.54 0.00 -51.69 0.00 23.52
7 19.89 -0.01 41.47 0.00 15.91
8 4.95 0.00 -46.16 0.00 7.10
9 29.48 0.01 -21.36 0.00 12.03
10 15.35 -0.09 23.63 0.00 12.87
11 15.49 -0.27 18.68 0.00 21.97
12 20.06 0.00 41.84 0.00 17.94
13 19.97 0.01 40.01 0.00 18.09
14 17.43 0.00 6.97 0.00 22.54
15 29.71 0.00 -21.01 0.00 12.18
16 20.09 0.00 42.51 0.00 12.79
17 13.10 0.00 40.47 0.00 21.74
frameEnd
frameHead right bk
11 13 22 036
0 1 1 0 0 0 0
1740 27 0
0 1.44 0.00 -23.08 0.00 34.01
1 1.73 0.00 -20.67 0.00 30.69
2 3.71 0.00 -3.79 0.00 13.72
3 3.96 0.00 -3.10 0.00 10.24
4 4.21 -0.01 -2.07 0.00 9.22
5 4.95 0.00 -39.96 0.00 14.94
6 5.20 0.00 -40.99 0.00 19.80
7 5.70 0.00 -39.27 0.00 23.02
8 6.05 0.00 -40.30 0.00 17.59
9 6.30 0.00 -36.51 0.00 16.50
10 6.79 0.00 -33.07 0.00 11.89
11 7.06 0.00 -31.34 0.00 8.19
12 7.43 0.00 -28.59 0.00 20.30
13 7.69 0.00 -28.24 0.00 24.31
14 8.68 0.00 -14.81 0.00 20.25
15 8.91 0.00 -14.81 0.00 20.57
16 9.16 0.00 -17.91 0.00 18.39
17 9.94 0.01 -31.69 0.00 17.11
18 10.15 0.01 -29.28 0.00 17.84
19 10.40 0.01 -29.28 0.00 11.14
20 11.42 0.00 -26.18 0.00 18.48
21 11.64 0.00 -26.18 0.00 16.06
22 12.10 0.00 -27.21 0.00 9.59
23 15.10 0.00 54.42 0.00 21.94
24 15.26 0.00 57.52 0.00 21.44
25 16.30 0.00 32.72 0.00 16.83
26 16.58 0.00 32.72 0.00 14.35
frameEnd
frameHead right ak
1740 34 0
0 9.05 0.00 -14.27 0.00 20.57
1 3.97 -0.02 -3.14 0.00 10.24
2 1.45 0.00 -23.18 0.00 34.01
3 5.26 0.00 -41.22 0.00 19.80
4 16.47 -0.01 34.39 0.00 13.01
5 5.93 0.01 -40.15 0.00 17.59
6 4.02 0.00 -2.12 0.00 9.22
7 1.73 0.00 -21.23 0.00 30.69
8 7.15 0.01 -28.82 0.00 20.30
9 11.51 0.02 -25.78 0.00 18.48
10 3.71 0.00 -3.79 0.00 13.72
11 16.33 0.01 32.63 0.00 16.83
12 4.96 0.00 -39.98 0.00 14.94
13 6.79 0.00 -33.07 0.00 11.89
14 7.74 0.00 -27.70 0.00 24.31
15 12.92 -0.03 -27.24 0.00 7.84
16 11.89 -0.01 -29.96 0.00 11.32
17 10.81 -0.13 -37.93 0.00 16.06
18 16.45 0.00 33.57 0.00 13.80
19 8.74 -0.01 -15.03 0.00 20.25
20 6.25 -0.03 -38.41 0.00 23.02
21 6.34 0.00 -36.38 0.00 16.50
22 10.46 0.00 -29.47 0.00 11.14
23 10.25 0.03 -28.39 0.00 17.84
24 6.97 0.01 -31.54 0.00 8.19
25 9.94 0.01 -31.69 0.00 17.11
26 15.12 0.00 55.10 0.00 21.94
27 12.11 -0.08 -25.60 0.00 16.06
28 9.16 0.00 -18.10 0.00 18.39
29 11.72 0.00 -26.90 0.00 9.59
30 16.59 -0.01 32.33 0.00 14.35
31 16.27 -0.05 35.13 0.00 13.19
32 13.33 -0.01 -23.98 0.00 7.75
33 15.24 0.00 57.13 0.00 21.44
frameEnd
frameHead left bk
11 13 22 063
0 1 1 0 0 0 0
2349 13 0
0 4.47 0.00 -52.01 0.00 23.16
1 4.70 0.00 -51.67 0.00 19.75
2 4.95 0.00 -53.39 0.00 5.39
3 13.22 0.00 41.33 0.00 27.37
4 13.37 0.00 40.30 0.00 25.83
5 14.86 0.00 45.81 0.00 16.14
6 15.35 0.00 45.47 0.00 17.80
7 17.09 0.00 9.30 0.00 19.33
8 17.33 0.00 6.89 0.00 20.93
9 19.87 0.00 37.89 0.00 20.31
10 20.06 0.00 40.64 0.00 18.16
11 22.70 0.00 -11.71 0.00 9.18
12 23.03 0.00 -12.06 0.00 4.63
frameEnd
frameHead left ak
2349 19 0
0 17.39 -0.02 8.19 0.00 18.81
1 13.14 -0.01 41.35 0.00 27.37
2 17.30 0.60 9.24 0.00 17.92
3 13.29 0.01 40.94 0.00 25.92
4 17.14 -0.03 8.90 0.00 19.33
5 4.55 0.00 -51.64 0.00 19.75
6 19.90 0.00 41.43 0.00 18.16
7 4.47 0.00 -52.01 0.00 23.16
8 4.95 0.00 -53.39 0.00 5.39
9 15.34 -0.09 23.93 0.00 12.87
10 15.48 -0.27 18.72 0.00 21.97
11 19.94 3.81 37.39 0.00 20.31
12 20.13 6.74 40.14 0.00 18.09
13 17.43 0.01 6.95 0.00 20.93
14 14.86 0.00 45.81 0.00 16.14
15 15.35 0.00 45.47 0.00 17.80
16 22.70 0.00 -11.71 0.00 9.18
17 23.03 0.00 -12.06 0.00 4.63
18 13.12 0.01 40.46 0.00 25.83
frameEnd
frameHead right bk
11 13 22 103
0 1 1 0 0 0 0
1741 30 0
0 1.44 0.00 -22.73 0.00 34.44
1 1.73 0.00 -20.67 0.00 30.93
2 3.71 0.00 -2.41 0.00 14.02
3 3.96 0.00 -2.76 0.00 9.83
4 4.21 0.00 -1.72 0.00 9.12
5 5.20 0.00 -41.33 0.00 19.09
6 5.49 0.00 -39.96 0.00 22.27
7 5.70 0.00 -38.23 0.00 22.33
8 6.19 0.00 -35.82 0.00 16.76
9 6.35 0.00 -35.48 0.00 17.40
10 6.69 0.00 -34.44 0.00 12.85
11 7.07 0.00 -31.00 0.00 8.39
12 7.43 0.00 -27.90 0.00 19.54
13 7.69 0.00 -27.56 0.00 24.00
14 8.67 0.00 -14.12 0.00 19.63
15 8.91 0.00 -14.81 0.00 20.11
16 9.16 0.00 -18.60 0.00 18.62
17 9.94 0.00 -32.38 0.00 17.71
18 10.15 0.00 -28.59 0.00 18.18
19 11.42 0.00 -25.83 0.00 18.48
20 11.64 0.00 -25.49 0.00 16.36
21 11.99 -0.01 -26.18 0.00 8.11
22 13.37 0.00 -26.52 0.00 11.23
23 13.59 0.00 -25.14 0.00 13.72
24 16.10 -0.01 32.72 0.00 12.76
25 16.31 0.00 32.03 0.00 16.19
26 16.56 0.00 32.72 0.00 14.50
27 16.84 0.00 33.07 0.00 17.32
28 19.07 -0.01 11.02 0.00 12.67
29 19.24 0.00 11.37 0.00 12.72
frameEnd
frameHead right ak
1741 38 0
0 9.02 -0.01 -13.92 0.00 19.63
1 3.97 -0.01 -3.09 0.00 9.83
2 4.21 0.00 -1.72 0.00 9.12
3 1.45 0.00 -23.17 0.00 34.44
4 5.25 0.00 -41.24 0.00 19.09
5 16.47 -0.01 34.39 0.00 13.01
6 5.82 -0.01 -40.11 0.00 22.27
7 3.96 -0.01 -2.31 0.00 14.02
8 6.35 0.00 -35.48 0.00 17.40
9 1.73 0.00 -21.22 0.00 30.93
10 7.22 0.01 -28.38 0.00 19.54
11 11.51 0.02 -25.76 0.00 18.48
12 11.64 0.00 -25.49 0.00 16.36
13 16.31 0.00 32.64 0.00 12.76
14 16.31 0.00 32.03 0.00 16.19
15 6.69 0.00 -34.43 0.00 12.85
16 7.73 0.00 -27.62 0.00 24.00
17 12.95 -0.01 -27.17 0.00 11.23
18 11.89 0.00 -30.24 0.00 11.32
19 10.80 -0.11 -38.32 0.00 16.06
20 16.48 0.01 33.56 0.00 17.32
21 8.75 0.00 -14.97 0.00 20.11
22 6.21 -0.04 -38.57 0.00 22.33
23 6.31 0.00 -36.18 0.00 16.76
24 10.46 0.00 -29.43 0.00 11.14
25 10.25 0.03 -28.39 0.00 18.18
26 6.99 0.01 -31.16 0.00 8.39
27 9.94 0.00 -32.34 0.00 17.71
28 19.07 -0.01 11.02 0.00 12.67
29 15.12 0.00 55.09 0.00 21.94
30 12.10 -0.06 -25.90 0.00 8.11
31 9.16 0.00 -18.24 0.00 18.62
32 19.24 0.00 11.37 0.00 12.72
33 11.72 0.00 -26.92 0.00 9.59
34 16.59 -0.01 32.52 0.00 14.50
35 16.26 -0.05 35.22 0.00 13.19
36 13.35 0.00 -24.12 0.00 13.72
37 15.24 0.00 57.12 0.00 21.44
frameEnd
frameHead left bk
11 13 22 129
0 1 1 0 0 0 0
2350 14 0
0 3.47 -0.01 24.80 0.00 8.47
1 3.68 0.00 29.28 0.00 4.35
2 4.21 0.00 -51.67 0.00 18.16
3 4.47 0.00 -51.67 0.00 23.34
4 13.22 0.00 40.99 0.00 27.25
5 13.37 0.00 40.30 0.00 25.73
6 14.86 0.00 48.22 0.00 16.56
7 15.35 0.00 45.12 0.00 17.48
8 17.09 0.00 8.96 0.00 18.99
9 17.33 0.00 6.89 0.00 21.03
10 17.83 0.00 5.17 0.00 18.96
11 18.32 0.00 5.86 0.00 8.26
12 24.51 0.00 37.89 0.00 7.31
13 24.72 -0.01 37.89 0.00 5.14
frameEnd
frameHead left ak
2350 22 0
0 17.39 -0.02 8.25 0.00 18.81
1 13.14 -0.01 41.35 0.00 27.37
2 3.47 -0.01 24.80 0.00 8.47
3 17.34 1.15 9.26 0.00 17.92
4 13.29 -0.01 40.95 0.00 27.25
5 17.13 0.05 8.96 0.00 18.99
6 4.55 0.00 -51.60 0.00 23.34
7 19.90 -0.07 41.52 0.00 18.16
8 4.21 0.00 -51.65 0.00 18.16
9 3.68 0.00 29.28 0.00 4.35
10 15.34 -0.08 24.25 0.00 12.87
11 15.47 -0.28 18.77 0.00 21.97
12 20.61 25.17 28.65 0.00 20.31
13 20.64 13.46 40.35 0.00 18.09
14 17.42 0.00 6.96 0.00 21.03
15 14.87 0.00 47.97 0.00 16.56
16 15.35 0.00 45.16 0.00 17.48
17 17.83 0.00 5.17 0.00 18.96
18 18.32 0.00 5.86 0.00 8.26
19 13.13 0.01 40.46 0.00 25.73
20 24.51 0.00 37.89 0.00 7.31
21 24.72 -0.01 37.89 0.00 5.14
frameEnd
frameHead left bk
11 13 22 157
0 1 1 0 0 0 0
2351 11 0
0 3.47 0.00 25.14 0.00 10.03
1 3.68 0.00 33.76 0.00 3.75
2 4.49 0.00 -51.67 0.00 23.50
3 4.70 0.00 -50.98 0.00 20.23
4 4.95 0.01 -51.32 0.00 8.69
5 12.88 0.00 41.33 0.00 22.09
6 13.20 0.00 42.02 0.00 27.21
7 13.37 0.00 40.99 0.00 25.60
8 17.09 0.00 8.61 0.00 19.00
9 17.33 0.00 7.58 0.00 21.17
10 17.55 0.00 6.54 0.00 23.01
frameEnd
frameHead left ak
2351 18 0
0 17.39 -0.02 8.30 0.00 18.81
1 13.13 -0.01 41.35 0.00 22.09
2 3.47 0.00 25.14 0.00 10.03
3 17.29 0.00 9.17 0.00 21.17
4 13.29 0.00 40.95 0.00 25.60
5 17.13 0.01 8.96 0.00 19.00
6 4.54 0.00 -51.57 0.00 23.50
7 19.90 -0.14 41.63 0.00 18.16
8 4.46 0.00 -51.27 0.00 20.23
9 3.69 0.00 33.72 0.00 3.75
10 15.34 -0.07 24.57 0.00 12.87
11 15.45 -0.28 18.82 0.00 21.97
12 22.67 58.96 17.30 0.00 20.31
13 21.48 20.17 40.63 0.00 18.09
14 17.43 0.00 6.92 0.00 23.01
15 4.95 0.01 -51.32 0.00 8.69
16 14.29 -0.01 43.75 0.00 27.21
17 13.13 0.01 40.46 0.00 25.73
frameEnd
frameHead right bk
11 13 22 177
0 1 1 0 0 0 0
1742 31 0
0 1.44 0.00 -23.08 0.00 34.30
1 1.73 0.00 -20.67 0.00 31.10
2 3.71 0.00 -2.76 0.00 13.59
3 3.96 0.00 -2.76 0.00 9.74
4 4.21 0.00 -3.10 0.00 9.39
5 5.20 0.00 -40.99 0.00 19.58
6 5.48 0.00 -40.30 0.00 22.59
7 5.70 0.00 -38.58 0.00 22.45
8 6.19 0.00 -36.51 0.00 16.89
9 6.35 0.00 -35.13 0.00 17.66
10 6.69 0.00 -33.41 0.00 12.03
11 7.18 0.00 -31.34 0.00 10.55
12 7.43 0.00 -28.59 0.00 20.34
13 7.68 0.00 -27.90 0.00 24.17
14 8.65 0.00 -15.16 0.00 19.83
15 8.91 0.00 -14.81 0.00 20.15
16 9.16 0.00 -17.91 0.00 18.26
17 9.94 0.00 -31.69 0.00 17.24
18 10.15 0.00 -28.59 0.00 17.83
19 10.90 -0.01 -32.03 0.00 9.59
20 11.14 -0.01 -26.18 0.00 8.86
21 11.64 0.01 -27.56 0.00 17.49
22 11.99 0.01 -26.87 0.00 10.73
23 12.03 0.00 -28.24 0.00 10.17
24 13.37 0.00 -27.56 0.00 10.09
25 13.60 0.00 -25.49 0.00 13.74
26 15.10 0.00 54.77 0.00 22.42
27 15.26 0.00 57.52 0.00 21.75
28 16.33 0.00 32.72 0.00 15.53
29 16.53 0.00 33.41 0.00 14.85
30 16.84 0.00 32.38 0.00 17.87
frameEnd
frameHead right ak
1742 36 0
0 9.01 -0.01 -13.76 0.00 20.15
1 3.99 0.00 -3.16 0.00 9.39
2 3.72 0.00 -2.88 0.00 13.59
3 1.45 0.00 -23.16 0.00 34.30
4 5.24 0.00 -41.11 0.00 19.58
5 16.47 -0.01 34.40 0.00 13.01
6 5.75 -0.01 -40.26 0.00 22.59
7 3.96 0.00 -2.59 0.00 9.74
8 6.35 0.00 -35.14 0.00 17.66
9 1.73 0.00 -21.20 0.00 31.10
10 7.26 0.01 -28.35 0.00 20.34
11 11.48 0.00 -25.78 0.00 8.86
12 11.64 0.01 -27.56 0.00 17.49
13 16.31 0.00 32.64 0.00 15.53
14 16.84 0.00 32.33 0.00 17.87
15 6.69 0.00 -33.88 0.00 12.03
16 7.72 0.00 -27.70 0.00 24.17
17 12.98 0.01 -27.16 0.00 10.09
18 11.78 -0.08 -30.94 0.00 9.59
19 10.79 -0.09 -38.79 0.00 16.06
20 16.49 0.01 33.59 0.00 14.85
21 8.74 0.00 -15.00 0.00 19.83
22 6.18 -0.04 -38.84 0.00 22.45
23 6.29 0.00 -36.36 0.00 16.89
24 10.46 -0.01 -29.37 0.00 11.14
25 10.25 0.02 -28.39 0.00 17.83
26 7.02 0.01 -31.04 0.00 10.55
27 9.94 0.00 -32.01 0.00 17.24
28 12.03 0.00 -28.24 0.00 10.17
29 15.12 0.00 55.08 0.00 22.42
30 12.09 -0.06 -26.04 0.00 8.11
31 9.16 0.00 -18.07 0.00 18.26
32 11.73 0.01 -26.93 0.00 10.73
33 16.59 -0.01 32.64 0.00 14.50
34 13.37 0.01 -24.28 0.00 13.74
35 15.24 0.00 57.13 0.00 21.75
frameEnd
frameHead left bk
11 13 22 199
0 1 1 0 0 0 0
2352 13 0
0 4.47 0.00 -52.70 0.00 23.31
1 4.70 0.00 -53.04 0.00 19.85
2 12.88 0.00 40.30 0.00 21.98
3 13.20 0.00 41.33 0.00 27.57
4 13.37 0.00 40.99 0.00 26.02
5 14.01 0.00 19.98 0.00 21.72
6 14.36 0.00 22.73 0.00 12.94
7 14.86 0.00 47.53 0.00 16.85
8 15.35 0.00 50.63 0.00 17.46
9 17.53 0.00 5.17 0.00 21.95
10 17.83 0.00 4.13 0.00 16.99
11 29.22 0.00 -21.70 0.00 11.03
12 29.47 0.00 -22.04 0.00 11.60
frameEnd
frameHead left ak
2352 18 0
0 17.39 -0.02 8.35 0.00 18.81
1 13.13 0.00 41.35 0.00 27.57
2 14.86 0.00 47.53 0.00 16.85
3 17.33 0.01 8.83 0.00 16.99
4 13.29 0.00 40.95 0.00 26.02
5 17.13 0.02 9.00 0.00 19.00
6 4.54 0.00 -51.75 0.00 23.31
7 19.89 -0.21 41.73 0.00 18.16
8 4.54 0.01 -52.07 0.00 19.85
9 15.35 0.00 50.63 0.00 17.46
10 14.39 -0.10 22.64 0.00 12.94
11 14.17 0.25 21.07 0.00 21.72
12 26.64 100.63 5.78 0.00 20.31
13 22.66 26.87 40.95 0.00 18.09
14 17.44 0.04 7.66 0.00 21.95
15 29.22 0.00 -21.70 0.00 11.03
16 29.47 0.00 -22.04 0.00 11.60
17 13.12 -0.01 40.45 0.00 21.98
frameEnd
frameHead right bk
11 13 22 236
0 1 1 0 0 0 0
1743 28 0
0 1.44 0.00 -22.73 0.00 34.31
1 1.73 0.00 -20.32 0.00 30.78
2 3.71 0.00 -1.03 0.00 13.59
3 3.96 0.00 -1.38 0.00 9.77
4 4.21 0.00 0.00 0.00 9.78
5 5.20 0.00 -42.71 0.00 18.90
6 5.48 0.00 -41.33 0.00 22.14
7 5.70 0.00 -39.27 0.00 22.19
8 6.19 0.00 -36.86 0.00 15.45
9 6.36 0.00 -36.51 0.00 17.19
10 6.69 0.00 -35.48 0.00 12.72
11 7.06 0.00 -27.21 0.00 9.41
12 7.43 0.00 -27.90 0.00 20.18
13 7.69 0.00 -27.90 0.00 23.90
14 8.70 0.00 -14.47 0.00 19.96
15 8.91 0.00 -14.47 0.00 20.33
16 9.16 0.00 -17.91 0.00 18.23
17 9.89 0.00 -32.72 0.00 17.21
18 10.15 0.00 -27.56 0.00 17.43
19 11.41 0.00 -26.52 0.00 18.25
20 11.64 0.00 -26.52 0.00 16.28
21 11.99 0.01 -25.49 0.00 9.12
22 13.37 0.00 -27.90 0.00 9.36
23 13.60 0.00 -24.80 0.00 12.59
24 16.10 0.00 31.69 0.00 13.07
25 16.30 0.00 31.69 0.00 16.12
26 16.54 0.00 32.72 0.00 14.32
27 16.84 0.00 32.72 0.00 17.04
frameEnd
frameHead right ak
1743 36 0
0 9.01 -0.01 -13.58 0.00 20.33
1 3.97 -0.01 -2.42 0.00 13.59
2 4.21 0.00 0.00 0.00 9.78
3 1.45 0.00 -23.14 0.00 34.31
4 5.27 0.01 -41.16 0.00 22.14
5 16.46 -0.01 34.41 0.00 13.01
6 3.96 0.00 -2.12 0.00 9.77
7 6.52 0.00 -35.31 0.00 12.72
8 1.73 0.00 -21.18 0.00 30.78
9 7.29 0.01 -28.07 0.00 20.18
10 11.48 0.01 -25.75 0.00 8.86
11 5.20 0.00 -42.71 0.00 18.90
12 16.31 0.00 32.64 0.00 15.53
13 16.84 0.00 32.51 0.00 17.04
14 6.19 0.00 -36.86 0.00 15.45
15 7.72 0.00 -27.77 0.00 23.90
16 13.01 0.03 -27.18 0.00 9.36
17 11.77 -0.07 -31.30 0.00 9.59
18 10.79 -0.06 -39.26 0.00 16.06
19 16.49 0.01 33.63 0.00 14.85
20 8.74 -0.01 -14.90 0.00 19.96
21 6.15 -0.05 -39.25 0.00 22.19
22 6.30 0.00 -36.48 0.00 17.19
23 10.56 0.08 -27.81 0.00 18.25
24 10.24 0.02 -28.34 0.00 17.43
25 9.92 0.00 -32.29 0.00 17.21
26 7.06 0.00 -27.21 0.00 9.41
27 15.12 0.00 55.07 0.00 22.42
28 12.08 -0.05 -26.04 0.00 9.12
29 9.16 0.00 -17.96 0.00 18.23
30 16.10 0.00 31.69 0.00 13.07
31 16.30 0.00 31.69 0.00 16.12
32 11.73 0.01 -26.93 0.00 16.28
33 16.59 -0.01 32.75 0.00 14.32
34 13.39 0.02 -24.35 0.00 12.59
35 15.24 0.00 57.13 0.00 21.75
frameEnd
frameHead left bk
11 13 22 252
0 1 1 0 0 0 0
2353 11 0
0 4.47 0.00 -51.67 0.00 23.58
1 4.70 0.00 -50.63 0.00 20.26
2 12.88 0.00 40.64 0.00 22.13
3 13.22 0.00 41.33 0.00 27.19
4 13.37 0.00 40.30 0.00 25.62
5 17.33 0.00 6.20 0.00 20.58
6 17.53 0.00 6.20 0.00 22.01
7 19.87 0.00 37.20 0.00 20.66
8 20.06 0.00 39.61 0.00 17.84
9 29.22 0.00 -22.39 0.00 9.30
10 29.47 0.00 -22.39 0.00 10.57
frameEnd
frameHead left ak
2353 18 0
0 17.36 0.24 5.67 0.00 20.58
1 13.14 0.00 41.35 0.00 27.19
2 13.37 0.00 40.30 0.00 25.62
3 17.33 0.01 8.89 0.00 16.99
4 13.29 0.00 40.95 0.00 26.02
5 17.13 0.03 9.05 0.00 19.00
6 4.54 0.00 -51.70 0.00 23.58
7 19.91 0.01 41.78 0.00 17.84
8 4.58 0.01 -51.50 0.00 20.26
9 19.87 0.00 37.20 0.00 20.66
10 14.45 2.36 23.73 0.00 12.94
11 14.27 3.76 22.63 0.00 21.72
12 32.75 143.56 -4.00 0.00 20.31
13 24.17 33.56 41.30 0.00 18.09
14 17.45 0.04 7.08 0.00 22.01
15 29.22 0.00 -22.18 0.00 9.30
16 29.47 0.00 -22.28 0.00 10.57
17 13.10 -0.01 40.46 0.00 22.13
frameEnd
frameHead left bk
11 13 22 302
0 1 1 0 0 0 0
2354 9 0
0 4.47 0.00 -50.98 0.00 23.37
1 4.70 0.00 -49.94 0.00 19.75
2 4.95 0.00 -47.88 0.00 6.15
3 13.22 0.00 41.33 0.00 27.35
4 13.37 0.00 40.30 0.00 26.04
5 17.33 0.00 5.86 0.00 19.99
6 17.55 0.00 5.51 0.00 21.48
7 19.87 0.00 39.61 0.00 21.09
8 20.06 0.00 42.02 0.00 18.66
frameEnd
frameHead left ak
2354 17 0
0 17.46 0.05 5.79 0.00 21.48
1 13.14 0.01 41.36 0.00 27.35
2 13.37 0.00 40.30 0.00 26.04
3 17.33 0.01 8.96 0.00 16.99
4 13.29 0.00 40.95 0.00 26.02
5 17.13 0.03 9.10 0.00 19.00
6 4.54 0.00 -51.32 0.00 19.75
7 19.92 0.01 41.99 0.00 18.66
8 4.56 0.00 -51.25 0.00 23.37
9 19.88 0.00 39.20 0.00 21.09
10 14.63 4.99 25.31 0.00 12.94
11 14.54 7.36 24.40 0.00 21.72
12 40.96 -143.39 -11.50 0.00 20.31
13 26.01 40.23 41.66 0.00 18.09
14 17.44 0.03 6.98 0.00 19.99
15 4.95 0.00 -47.88 0.00 6.15
16 13.10 -0.01 40.46 0.00 22.13
frameEnd
frameHead right bk
11 13 22 305
0 1 1 0 0 0 0
1744 31 0
0 1.44 0.00 -23.08 0.00 34.32
1 1.73 0.00 -20.67 0.00 30.77
2 3.71 0.00 -3.10 0.00 13.64
3 3.96 0.00 -3.79 0.00 10.35
4 4.21 0.00 -1.38 0.00 10.01
5 5.20 0.00 -40.64 0.00 19.43
6 5.48 0.00 -40.30 0.00 22.58
7 5.70 0.00 -38.23 0.00 22.92
8 6.19 0.00 -35.48 0.00 15.55
9 6.38 0.00 -35.82 0.00 17.62
10 6.69 0.00 -34.79 0.00 13.05
11 7.18 -0.01 -30.66 0.00 8.99
12 7.43 0.00 -27.56 0.00 20.20
13 7.69 0.00 -27.56 0.00 24.36
14 8.68 0.00 -14.47 0.00 19.75
15 8.91 0.00 -14.81 0.00 20.16
16 9.16 0.00 -18.60 0.00 18.38
17 9.90 0.00 -32.72 0.00 16.77
18 10.15 0.00 -28.59 0.00 17.02
19 10.90 0.00 -30.31 0.00 9.87
20 11.14 0.01 -27.21 0.00 6.20
21 11.64 0.00 -27.21 0.00 16.75
22 11.98 0.00 -25.49 0.00 6.52
23 12.09 0.00 -30.66 0.00 9.29
24 13.37 0.00 -28.93 0.00 11.13
25 13.60 0.00 -26.18 0.00 13.90
26 15.10 0.00 54.42 0.00 22.53
27 15.24 0.00 57.87 0.00 21.92
28 16.10 0.00 33.76 0.00 14.03
29 16.25 0.00 32.03 0.00 16.53
30 16.54 0.00 32.72 0.00 14.64
frameEnd
frameHead right ak
1744 36 0
0 8.98 -0.02 -13.45 0.00 19.75
1 3.95 -0.01 -2.62 0.00 13.64
2 3.96 0.00 -3.79 0.00 10.35
3 1.45 0.00 -23.14 0.00 34.32
4 5.27 0.00 -40.93 0.00 19.43
5 16.46 -0.01 34.42 0.00 13.01
6 5.70 0.00 -38.23 0.00 22.92
7 3.99 0.01 -1.78 0.00 10.01
8 6.41 0.00 -35.40 0.00 15.55
9 1.73 0.00 -21.16 0.00 30.77
10 7.31 0.00 -27.76 0.00 20.20
11 11.48 0.01 -25.71 0.00 8.86
12 6.69 0.00 -34.79 0.00 13.05
13 16.31 0.00 32.64 0.00 15.53
14 7.18 -0.01 -30.66 0.00 8.99
15 10.90 0.00 -30.31 0.00 9.87
16 7.72 0.00 -27.69 0.00 24.36
17 13.04 0.05 -27.09 0.00 13.90
18 11.81 -0.02 -31.53 0.00 9.29
19 10.78 -0.04 -39.71 0.00 16.06
20 16.46 0.00 33.69 0.00 14.03
21 8.75 0.00 -14.86 0.00 20.16
22 6.11 -0.06 -39.87 0.00 22.58
23 6.31 0.00 -36.26 0.00 17.62
24 10.61 0.10 -27.48 0.00 6.20
25 10.24 0.02 -28.34 0.00 17.02
26 13.37 0.00 -28.93 0.00 11.13
27 9.92 0.00 -32.47 0.00 16.77
28 15.12 0.00 55.04 0.00 22.53
29 12.07 -0.04 -26.00 0.00 6.52
30 9.16 0.00 -18.14 0.00 18.38
31 16.25 0.00 31.99 0.00 16.53
32 11.72 0.01 -26.97 0.00 16.75
33 16.58 -0.01 32.82 0.00 14.64
34 13.39 0.02 -24.34 0.00 12.59
35 15.24 0.00 57.15 0.00 21.92
frameEnd
frameHead left bk
11 13 22 369
0 1 1 0 0 0 0
2355 18 0
0 4.47 0.00 -50.98 0.00 23.25
1 4.70 0.00 -50.63 0.00 19.31
2 4.95 -0.01 -54.77 0.00 5.25
3 12.88 0.00 40.30 0.00 21.74
4 13.20 0.00 40.99 0.00 27.08
5 13.37 0.00 40.30 0.00 25.71
6 14.01 0.00 19.63 0.00 21.73
7 14.36 0.00 22.39 0.00 13.13
8 14.86 0.00 48.57 0.00 16.42
9 15.35 0.00 45.81 0.00 18.07
10 16.34 0.00 18.94 0.00 17.90
11 16.65 0.00 19.63 0.00 11.14
12 17.53 0.00 5.51 0.00 21.30
13 17.83 0.00 4.48 0.00 16.14
14 19.87 0.00 39.27 0.00 20.80
15 20.06 0.00 41.68 0.00 18.31
16 23.77 0.02 -15.84 0.00 3.99
17 24.02 0.02 -11.71 0.00 4.40
frameEnd
frameHead left ak
2355 25 0
0 17.48 0.00 5.24 0.00 21.30
1 13.14 0.01 41.36 0.00 27.35
2 13.37 0.00 40.30 0.00 25.71
3 17.38 0.02 8.99 0.00 16.14
4 13.29 0.00 40.95 0.00 27.08
5 17.14 0.04 9.15 0.00 19.00
6 4.55 0.01 -51.12 0.00 19.31
7 19.93 0.02 42.57 0.00 18.31
8 4.55 0.00 -51.07 0.00 23.25
9 19.88 0.00 39.22 0.00 20.80
10 14.95 7.84 27.34 0.00 12.94
11 15.00 11.04 26.30 0.00 21.72
12 51.13 -105.36 -17.01 0.00 20.31
13 28.19 46.90 42.01 0.00 18.09
14 17.44 0.04 7.14 0.00 19.99
15 4.95 -0.01 -54.77 0.00 5.25
16 14.01 0.00 19.63 0.00 21.73
17 14.36 0.00 22.39 0.00 13.13
18 14.86 0.00 48.57 0.00 16.42
19 13.09 -0.01 40.46 0.00 21.74
20 15.35 0.00 45.81 0.00 18.07
21 16.34 0.00 18.94 0.00 17.90
22 16.65 0.00 19.63 0.00 11.14
23 23.77 0.02 -15.84 0.00 3.99
24 24.02 0.02 -11.71 0.00 4.40
frameEnd
frameHead right bk
11 13 22 387
0 1 1 0 0 0 0
1745 29 0
0 1.44 0.00 -23.08 0.00 34.51
1 1.73 0.00 -21.36 0.00 30.91
2 3.71 0.00 -3.10 0.00 13.58
3 3.96 0.01 -2.76 0.00 9.88
4 4.21 0.01 -1.72 0.00 10.30
5 5.20 0.00 -39.96 0.00 19.82
6 5.48 0.00 -39.96 0.00 22.94
7 5.70 0.00 -38.58 0.00 22.54
8 6.19 0.00 -36.86 0.00 14.13
9 6.36 0.00 -34.79 0.00 16.19
10 6.93 -0.01 -30.31 0.00 11.11
11 7.07 -0.01 -33.41 0.00 7.77
12 7.43 0.00 -28.24 0.00 19.95
13 7.92 0.00 -27.21 0.00 22.77
14 8.20 0.00 -23.08 0.00 20.26
15 8.71 0.00 -14.81 0.00 19.99
16 8.91 0.00 -15.84 0.00 21.11
17 9.16 0.00 -18.60 0.00 18.77
18 9.89 0.00 -32.38 0.00 16.13
19 10.15 0.00 -29.97 0.00 16.07
20 10.40 0.00 -31.00 0.00 9.94
21 10.90 0.00 -28.93 0.00 9.47
22 11.42 0.00 -26.87 0.00 17.90
23 11.98 0.00 -25.14 0.00 7.03
24 12.12 0.00 -28.24 0.00 10.11
25 12.38 0.00 -26.18 0.00 5.90
26 16.10 0.00 34.44 0.00 13.60
27 16.27 0.00 33.07 0.00 16.17
28 16.56 0.00 35.13 0.00 13.43
frameEnd
frameHead right ak
1745 38 0
0 8.98 -0.02 -13.72 0.00 21.11
1 3.95 -0.01 -2.61 0.00 9.88
2 3.72 0.00 -3.06 0.00 13.58
3 1.45 0.00 -23.13 0.00 34.51
4 5.26 0.00 -40.51 0.00 19.82
5 16.44 -0.02 34.45 0.00 13.60
6 5.70 0.00 -38.57 0.00 22.54
7 4.02 0.02 -1.69 0.00 10.30
8 1.73 0.00 -21.17 0.00 30.91
9 7.33 0.00 -27.83 0.00 19.95
10 11.52 0.03 -25.61 0.00 7.03
11 6.36 0.00 -34.79 0.00 16.19
12 16.31 0.00 32.67 0.00 16.17
13 6.94 -0.01 -30.31 0.00 11.11
14 10.40 0.00 -30.99 0.00 9.94
15 7.74 0.00 -27.52 0.00 22.77
16 13.05 0.05 -27.08 0.00 13.90
17 11.81 -0.02 -31.90 0.00 9.29
18 10.78 -0.01 -40.19 0.00 16.06
19 16.46 0.00 33.74 0.00 14.03
20 8.75 0.00 -14.83 0.00 19.99
21 6.07 -0.06 -40.27 0.00 22.94
22 6.30 0.00 -36.51 0.00 14.13
23 10.62 0.10 -27.20 0.00 6.20
24 10.27 0.03 -28.35 0.00 9.47
25 12.13 0.00 -28.24 0.00 10.11
26 9.91 0.00 -32.48 0.00 16.13
27 7.07 -0.01 -33.41 0.00 7.77
28 15.12 0.00 55.03 0.00 22.53
29 12.10 -0.02 -26.16 0.00 5.90
30 9.16 0.00 -18.27 0.00 18.77
31 8.20 0.00 -23.08 0.00 20.26
32 10.15 0.00 -29.97 0.00 16.07
33 11.71 0.00 -26.99 0.00 17.90
34 16.58 -0.01 32.94 0.00 14.64
35 16.56 0.00 35.13 0.00 13.43
36 13.39 0.02 -24.32 0.00 12.59
37 15.24 0.00 57.15 0.00 21.92
frameEnd
frameHead left bk
11 13 22 409
0 1 1 0 0 0 0
2356 10 0
0 4.21 0.00 -53.73 0.00 17.84
1 4.49 0.00 -52.36 0.00 23.28
2 13.22 0.00 41.33 0.00 27.24
3 13.37 0.00 40.64 0.00 25.89
4 13.99 0.00 18.94 0.00 21.92
5 14.36 0.00 22.04 0.00 13.68
6 17.09 0.00 9.30 0.00 18.33
7 17.33 0.00 7.23 0.00 20.36
8 19.87 0.00 39.61 0.00 20.24
9 20.06 0.00 42.02 0.00 18.49
frameEnd
frameHead left ak
2356 17 0
0 17.48 -0.06 4.58 0.00 21.30
1 13.14 0.01 41.36 0.00 27.24
2 17.38 0.02 9.18 0.00 16.14
3 13.29 0.00 40.94 0.00 25.89
4 17.13 0.00 9.16 0.00 18.33
5 4.55 0.00 -51.28 0.00 23.28
6 19.94 0.03 41.69 0.00 18.49
7 19.88 0.00 39.35 0.00 20.24
8 15.49 11.39 30.08 0.00 12.94
9 15.75 15.30 28.53 0.00 21.72
10 64.98 -64.56 -21.48 0.00 20.31
11 31.08 54.48 42.39 0.00 18.09
12 17.44 0.02 7.36 0.00 20.36
13 4.21 0.00 -53.57 0.00 17.84
14 13.99 0.00 19.01 0.00 21.92
15 14.36 0.00 22.08 0.00 13.68
16 13.09 -0.01 40.46 0.00 21.74
frameEnd
