frameHead left bk
11 13 07 966
0 1 1 0 0 0 0
2068 10 0
0 4.47 0.00 -51.32 0.00 23.95
1 4.70 0.00 -49.60 0.00 20.55
2 12.88 0.00 41.33 0.00 21.79
3 13.20 0.00 41.68 0.00 27.15
4 16.34 0.00 19.29 0.00 18.11
5 16.68 0.00 21.01 0.00 13.10
6 17.09 0.00 8.96 0.00 19.33
7 17.43 0.00 7.58 0.00 20.65
8 19.86 0.00 40.30 0.00 20.16
9 20.06 0.00 42.71 0.00 17.75
frameEnd
frameHead left ak
2068 17 0
0 16.46 0.00 19.52 0.00 18.11
1 13.36 0.00 40.70 0.00 25.73
2 4.53 0.01 -51.23 0.00 23.95
3 17.40 0.04 5.67 0.00 18.49
4 13.23 0.00 41.29 0.00 27.15
5 17.26 0.01 6.64 0.00 20.65
6 14.97 0.00 41.76 0.00 16.28
7 20.07 0.04 42.49 0.00 17.75
8 4.71 0.00 -49.61 0.00 20.55
9 16.68 0.00 21.01 0.00 13.10
10 15.36 0.05 41.89 0.00 17.60
11 16.33 0.04 15.60 0.00 17.65
12 17.15 0.00 8.44 0.00 19.33
13 19.86 0.00 40.30 0.00 20.16
14 17.70 0.06 3.67 0.00 7.03
15 20.14 0.00 46.43 0.00 13.09
16 12.88 0.00 40.81 0.00 21.79
frameEnd
frameHead left bk
11 13 08 022
0 1 1 0 0 0 0
2069 10 0
0 4.49 0.00 -51.67 0.00 23.56
1 4.70 0.00 -50.63 0.00 20.28
2 4.95 0.00 -55.11 0.00 7.20
3 13.20 0.00 41.33 0.00 27.55
4 13.37 0.00 40.99 0.00 25.91
5 17.09 0.00 7.92 0.00 19.06
6 17.33 0.00 7.23 0.00 20.89
7 17.47 0.00 6.89 0.00 21.46
8 20.30 0.00 45.81 0.00 13.16
9 20.55 0.01 43.74 0.00 1.38
frameEnd
frameHead left ak
2069 16 0
0 16.46 0.00 19.51 0.00 18.11
1 13.36 0.00 40.73 0.00 25.91
2 4.53 0.01 -51.28 0.00 23.56
3 17.40 0.03 6.00 0.00 20.89
4 13.23 0.00 41.29 0.00 27.55
5 17.27 0.01 6.68 0.00 21.46
6 14.97 0.00 41.72 0.00 16.28
7 20.12 0.05 43.02 0.00 1.38
8 4.95 0.00 -55.11 0.00 7.20
9 4.71 0.00 -50.17 0.00 20.28
10 15.36 0.05 41.65 0.00 17.60
11 16.34 0.05 15.11 0.00 17.65
12 17.15 0.00 8.31 0.00 19.06
13 17.70 0.06 3.61 0.00 7.03
14 20.16 0.02 46.16 0.00 13.16
15 12.88 0.00 40.82 0.00 21.79
frameEnd
frameHead right bk
11 13 08 036
0 1 1 0 0 0 0
1529 30 0
0 1.44 0.00 -23.77 0.00 33.84
1 1.73 0.00 -21.36 0.00 30.56
2 3.71 -0.01 -3.44 0.00 13.64
3 3.96 -0.01 -3.79 0.00 10.03
4 4.21 -0.01 -1.38 0.00 9.98
5 5.20 0.00 -41.68 0.00 18.98
6 5.49 0.00 -40.99 0.00 22.41
7 5.70 0.00 -38.58 0.00 22.73
8 6.19 0.00 -37.89 0.00 14.75
9 6.38 0.00 -35.13 0.00 16.37
10 6.69 0.00 -33.07 0.00 13.13
11 7.18 -0.01 -28.59 0.00 8.15
12 7.43 0.00 -28.59 0.00 20.58
13 7.69 0.00 -28.24 0.00 24.33
14 7.92 0.00 -27.21 0.00 22.87
15 8.68 0.00 -14.47 0.00 19.91
16 8.91 0.00 -14.81 0.00 20.48
17 9.16 0.00 -18.60 0.00 18.47
18 9.83 0.00 -34.10 0.00 15.85
19 10.15 0.00 -29.28 0.00 15.74
20 10.40 0.00 -30.31 0.00 10.11
21 11.64 0.01 -24.80 0.00 15.47
22 11.98 0.01 -28.93 0.00 4.59
23 13.37 0.00 -24.80 0.00 11.98
24 13.57 0.00 -24.46 0.00 13.89
25 15.10 0.00 54.77 0.00 22.61
26 15.26 0.00 57.18 0.00 22.26
27 16.10 0.00 34.79 0.00 13.36
28 16.23 0.00 34.10 0.00 15.74
29 16.53 -0.01 36.17 0.00 12.41
frameEnd
frameHead right ak
1529 38 0
0 3.82 0.00 -2.54 0.00 13.64
1 5.04 0.01 -41.22 0.00 18.98
2 4.15 0.00 -1.27 0.00 9.98
3 1.45 0.00 -23.81 0.00 33.84
4 5.63 0.00 -39.12 0.00 22.73
5 16.46 0.00 32.06 0.00 13.36
6 3.96 -0.01 -3.79 0.00 10.03
7 16.25 -0.01 33.46 0.00 15.30
8 8.87 0.00 -15.21 0.00 19.91
9 1.73 0.00 -21.35 0.00 30.56
10 8.74 -0.01 -14.98 0.00 20.48
11 13.27 0.03 -27.06 0.00 14.26
12 6.68 0.00 -33.09 0.00 13.13
13 16.40 -0.01 34.34 0.00 15.74
14 7.35 0.01 -28.23 0.00 20.58
15 5.43 -0.01 -40.58 0.00 22.41
16 13.20 -0.05 -25.47 0.00 11.98
17 6.36 0.00 -34.78 0.00 16.37
18 12.02 0.17 -23.47 0.00 13.89
19 16.72 -0.04 33.64 0.00 16.06
20 7.92 0.00 -27.16 0.00 22.87
21 11.77 -0.06 -27.31 0.00 17.17
22 9.16 0.00 -18.47 0.00 18.47
23 10.03 -0.07 -34.85 0.00 15.85
24 10.18 0.00 -28.28 0.00 17.47
25 7.78 0.00 -28.14 0.00 24.33
26 12.04 0.12 -28.03 0.00 4.59
27 7.18 -0.01 -28.56 0.00 8.15
28 15.11 0.00 55.21 0.00 22.61
29 11.29 0.03 -26.13 0.00 15.47
30 11.70 -0.01 -27.25 0.00 15.46
31 6.19 0.00 -37.89 0.00 14.75
32 11.47 -0.06 -30.28 0.00 8.98
33 12.98 -0.10 -25.95 0.00 5.96
34 10.40 0.00 -30.32 0.00 10.11
35 10.30 -0.01 -29.02 0.00 15.74
36 16.53 -0.01 36.17 0.00 12.41
37 15.25 0.00 57.10 0.00 22.26
frameEnd
frameHead left bk
11 13 08 076
0 1 1 0 0 0 0
2070 12 0
0 4.49 0.00 -52.01 0.00 23.47
1 4.70 0.00 -50.98 0.00 19.94
2 4.95 0.01 -49.94 0.00 7.72
3 12.88 0.00 39.96 0.00 22.03
4 13.20 0.00 40.99 0.00 27.14
5 13.37 0.00 40.30 0.00 25.69
6 15.41 0.00 41.33 0.00 15.75
7 15.57 0.00 43.06 0.00 12.18
8 16.36 0.00 19.98 0.00 19.32
9 16.59 0.00 23.42 0.00 15.31
10 17.09 0.00 8.96 0.00 18.74
11 17.33 0.00 7.58 0.00 20.48
frameEnd
frameHead left ak
2070 18 0
0 16.44 0.00 19.66 0.00 19.32
1 13.36 0.00 40.68 0.00 25.69
2 4.54 0.01 -51.16 0.00 19.94
3 17.40 0.03 5.95 0.00 20.89
4 13.23 0.00 41.27 0.00 27.14
5 17.27 0.01 6.82 0.00 20.48
6 15.02 0.04 42.02 0.00 12.18
7 20.12 0.06 43.28 0.00 1.38
8 4.50 0.00 -51.74 0.00 23.47
9 4.79 0.01 -50.13 0.00 7.72
10 12.88 0.00 39.96 0.00 22.03
11 15.36 0.03 41.49 0.00 15.75
12 16.34 0.07 14.60 0.00 17.65
13 17.15 -0.01 8.42 0.00 18.74
14 16.59 0.00 23.42 0.00 15.31
15 17.71 0.06 3.55 0.00 7.03
16 20.16 0.01 46.31 0.00 13.16
17 12.88 0.00 40.82 0.00 21.79
frameEnd
frameHead right bk
11 13 08 098
0 1 1 0 0 0 0
1530 33 0
0 1.44 0.00 -23.77 0.00 34.34
1 1.73 0.00 -21.70 0.00 30.72
2 3.71 0.00 -4.13 0.00 13.94
3 3.96 0.00 -3.44 0.00 11.22
4 4.21 -0.01 -1.03 0.00 11.35
5 4.95 0.00 -39.96 0.00 14.41
6 5.20 0.00 -41.68 0.00 19.36
7 5.49 0.00 -41.33 0.00 22.62
8 6.05 0.00 -40.99 0.00 16.20
9 6.19 0.00 -35.48 0.00 13.77
10 6.36 0.00 -34.10 0.00 15.22
11 6.93 0.00 -28.24 0.00 11.59
12 7.07 0.00 -28.93 0.00 7.25
13 7.43 0.00 -28.24 0.00 20.12
14 7.92 0.00 -27.21 0.00 22.48
15 8.20 0.00 -22.73 0.00 19.99
16 8.65 0.00 -15.16 0.00 19.87
17 8.91 0.00 -15.16 0.00 20.13
18 9.16 0.00 -17.57 0.00 17.74
19 9.84 0.00 -33.41 0.00 16.46
20 10.15 0.00 -27.90 0.00 16.71
21 10.90 0.00 -30.31 0.00 11.05
22 11.14 0.00 -23.08 0.00 6.09
23 11.64 0.00 -25.83 0.00 15.81
24 11.99 0.00 -24.80 0.00 5.64
25 13.37 0.00 -26.87 0.00 10.36
26 13.59 0.00 -25.49 0.00 13.82
27 15.10 0.00 55.46 0.00 22.63
28 15.24 0.00 58.56 0.00 21.85
29 16.10 0.00 34.10 0.00 11.42
30 16.28 0.00 34.79 0.00 15.18
31 17.09 0.00 30.31 0.00 21.97
32 17.33 0.00 28.59 0.00 17.46
frameEnd
frameHead right ak
1530 40 0
0 3.82 0.00 -3.25 0.00 13.94
1 5.08 0.01 -41.67 0.00 19.36
2 4.16 -0.01 -1.15 0.00 11.35
3 1.45 0.00 -23.81 0.00 34.34
4 5.74 0.01 -39.99 0.00 16.20
5 16.49 0.01 31.98 0.00 21.97
6 3.96 0.00 -3.45 0.00 11.22
7 16.25 -0.01 33.62 0.00 15.18
8 8.87 0.00 -15.20 0.00 20.13
9 1.73 0.00 -21.37 0.00 30.72
10 8.74 -0.01 -14.98 0.00 19.87
11 13.28 0.03 -27.04 0.00 10.36
12 5.49 0.00 -41.33 0.00 22.62
13 16.38 -0.02 34.32 0.00 11.42
14 7.35 0.01 -28.20 0.00 20.12
15 5.40 -0.02 -40.24 0.00 14.41
16 6.93 0.00 -28.24 0.00 11.59
17 13.23 -0.03 -25.49 0.00 13.82
18 6.36 0.00 -34.39 0.00 15.22
19 11.90 0.07 -22.82 0.00 6.09
20 16.72 -0.04 33.87 0.00 16.06
21 7.92 0.00 -27.19 0.00 22.48
22 11.76 -0.06 -27.22 0.00 17.17
23 9.16 0.00 -18.23 0.00 17.74
24 10.02 -0.06 -34.83 0.00 16.46
25 10.18 0.00 -28.24 0.00 16.71
26 12.05 0.12 -28.11 0.00 4.59
27 7.13 0.00 -28.76 0.00 7.25
28 15.11 0.00 55.23 0.00 22.63
29 11.32 0.05 -26.09 0.00 15.81
30 11.70 -0.01 -27.53 0.00 15.46
31 6.20 0.00 -35.53 0.00 13.77
32 11.47 -0.05 -30.28 0.00 8.98
33 12.98 -0.10 -25.94 0.00 5.96
34 10.65 0.00 -30.28 0.00 11.05
35 10.30 -0.01 -29.05 0.00 15.74
36 8.20 0.00 -22.73 0.00 19.99
37 11.99 0.00 -24.80 0.00 5.64
38 17.33 0.00 28.59 0.00 17.46
39 15.25 0.00 57.17 0.00 21.85
frameEnd
frameHead left bk
11 13 08 118
0 1 1 0 0 0 0
2071 11 0
0 4.49 0.00 -51.67 0.00 23.58
1 4.70 0.00 -50.29 0.00 20.18
2 12.88 0.00 40.30 0.00 21.97
3 13.22 0.00 41.33 0.00 27.16
4 13.37 0.00 40.64 0.00 25.73
5 15.40 0.00 42.02 0.00 16.66
6 15.57 0.00 41.68 0.00 14.05
7 16.36 0.00 20.32 0.00 18.19
8 16.59 0.00 24.80 0.00 13.67
9 17.09 0.00 8.61 0.00 18.98
10 17.33 0.00 6.89 0.00 20.87
frameEnd
frameHead left ak
2071 16 0
0 16.42 0.00 19.86 0.00 18.19
1 13.36 0.00 40.68 0.00 25.73
2 17.40 0.03 5.89 0.00 20.89
3 13.23 0.00 41.27 0.00 27.16
4 17.27 0.01 6.83 0.00 20.87
5 15.05 0.05 42.03 0.00 16.66
6 20.12 0.06 43.56 0.00 1.38
7 4.49 0.00 -51.70 0.00 23.58
8 4.77 0.00 -50.23 0.00 20.18
9 12.88 0.00 40.27 0.00 21.97
10 15.38 0.03 41.36 0.00 14.05
11 16.34 0.10 14.06 0.00 17.65
12 17.14 -0.01 8.45 0.00 18.98
13 16.59 0.00 24.63 0.00 13.67
14 20.16 0.01 46.45 0.00 13.16
15 12.88 0.00 40.82 0.00 21.79
frameEnd
frameHead left bk
11 13 08 166
0 1 1 0 0 0 0
2072 7 0
0 4.47 0.00 -52.01 0.00 23.15
1 4.70 0.00 -50.63 0.00 19.71
2 12.88 0.00 40.64 0.00 22.50
3 13.20 0.00 40.99 0.00 27.79
4 13.37 0.00 39.96 0.00 25.94
5 17.09 0.00 8.96 0.00 18.98
6 17.33 0.00 7.23 0.00 20.80
frameEnd
frameHead left ak
2072 14 0
0 16.42 0.00 19.90 0.00 18.19
1 13.36 0.00 40.68 0.00 25.73
2 17.40 0.03 5.84 0.00 20.89
3 13.23 0.00 41.25 0.00 27.79
4 17.27 0.01 6.90 0.00 20.80
5 15.05 0.05 42.00 0.00 16.66
6 20.12 0.07 43.84 0.00 1.38
7 4.49 0.00 -51.84 0.00 23.15
8 4.75 0.00 -50.46 0.00 19.71
9 15.22 -0.05 41.13 0.00 25.94
10 16.35 0.13 13.50 0.00 17.65
11 17.14 -0.01 8.55 0.00 18.98
12 20.16 0.01 46.59 0.00 13.16
13 12.88 0.00 40.80 0.00 22.50
frameEnd
frameHead right bk
11 13 08 168
0 1 1 0 0 0 0
1531 33 0
0 1.44 0.00 -23.77 0.00 34.45
1 1.73 0.00 -21.36 0.00 30.87
2 3.71 0.00 -4.13 0.00 13.94
3 3.96 0.00 -3.44 0.00 10.72
4 4.21 0.00 -2.07 0.00 10.88
5 4.46 0.00 -1.03 0.00 10.33
6 5.20 0.00 -41.68 0.00 19.02
7 5.49 0.00 -41.33 0.00 22.54
8 5.70 0.00 -39.61 0.00 22.64
9 6.19 0.00 -36.86 0.00 12.20
10 6.41 0.00 -36.17 0.00 14.90
11 6.93 0.00 -30.66 0.00 11.46
12 7.07 -0.01 -30.31 0.00 7.68
13 7.43 0.00 -28.24 0.00 20.74
14 7.92 0.00 -27.56 0.00 22.96
15 8.20 0.00 -23.77 0.00 19.82
16 8.70 0.00 -15.16 0.00 19.82
17 8.91 0.00 -16.19 0.00 21.17
18 9.16 0.00 -19.98 0.00 19.39
19 9.90 0.00 -32.72 0.00 17.81
20 10.15 0.00 -27.90 0.00 18.21
21 10.90 -0.01 -30.31 0.00 7.21
22 11.14 -0.01 -27.56 0.00 7.95
23 11.64 0.00 -27.21 0.00 15.04
24 12.13 -0.02 -28.59 0.00 10.31
25 12.33 -0.01 -29.28 0.00 11.65
26 13.37 0.00 -25.14 0.00 11.44
27 13.59 0.00 -24.80 0.00 14.18
28 15.10 0.00 54.77 0.00 22.65
29 15.26 0.00 57.52 0.00 22.07
30 16.27 0.00 31.34 0.00 14.40
31 16.51 0.00 32.38 0.00 12.28
32 16.84 0.00 31.00 0.00 18.41
frameEnd
frameHead right ak
1531 39 0
0 3.81 0.00 -3.79 0.00 13.94
1 5.10 0.00 -41.91 0.00 19.02
2 4.21 0.01 -1.07 0.00 10.33
3 1.45 0.00 -23.80 0.00 34.45
4 16.49 0.01 32.00 0.00 12.28
5 3.96 0.00 -3.44 0.00 10.72
6 16.25 -0.01 33.42 0.00 14.40
7 8.87 0.00 -15.23 0.00 21.17
8 1.73 0.00 -21.37 0.00 30.87
9 8.74 -0.01 -14.98 0.00 19.82
10 13.28 0.03 -27.05 0.00 10.36
11 5.49 0.00 -41.33 0.00 22.54
12 16.38 -0.02 34.30 0.00 11.42
13 7.36 0.01 -28.18 0.00 20.74
14 5.42 -0.01 -39.91 0.00 22.64
15 4.21 0.00 -2.07 0.00 10.88
16 13.24 -0.02 -25.47 0.00 11.44
17 6.34 0.00 -35.15 0.00 12.20
18 12.08 0.16 -23.56 0.00 14.18
19 16.71 -0.03 34.13 0.00 16.06
20 7.92 0.00 -27.35 0.00 22.96
21 11.75 -0.06 -27.11 0.00 15.04
22 9.16 0.00 -18.64 0.00 19.39
23 10.01 -0.05 -34.76 0.00 17.81
24 10.18 0.00 -28.21 0.00 18.21
25 6.93 0.00 -30.66 0.00 11.46
26 12.05 0.11 -28.21 0.00 10.31
27 7.11 0.00 -29.51 0.00 7.68
28 15.11 0.00 55.19 0.00 22.65
29 11.30 0.03 -26.23 0.00 7.95
30 11.69 -0.01 -27.86 0.00 15.46
31 6.30 0.00 -35.82 0.00 14.90
32 11.53 0.00 -30.11 0.00 11.65
33 12.97 -0.10 -25.92 0.00 5.96
34 10.73 0.00 -30.28 0.00 7.21
35 10.30 -0.01 -29.07 0.00 15.74
36 8.20 0.00 -23.73 0.00 19.82
37 16.85 0.00 30.74 0.00 18.41
38 15.25 0.00 57.17 0.00 22.07
frameEnd
frameHead left bk
11 13 08 228
0 1 1 0 0 0 0
2073 14 0
0 3.47 0.00 28.24 0.00 9.25
1 3.73 0.01 33.07 0.00 5.88
2 4.47 0.00 -51.67 0.00 23.67
3 4.70 0.00 -50.63 0.00 20.23
4 4.95 0.00 -48.57 0.00 5.43
5 12.88 0.00 40.64 0.00 22.07
6 13.22 0.00 40.99 0.00 27.19
7 13.37 0.00 40.30 0.00 25.64
8 14.86 0.00 43.74 0.00 16.19
9 15.38 0.00 43.74 0.00 16.41
10 17.09 0.00 8.61 0.00 18.97
11 17.33 0.00 7.23 0.00 20.73
12 22.70 0.00 -11.71 0.00 10.11
13 23.03 -0.01 -14.81 0.00 5.38
frameEnd
frameHead left ak
2073 20 0
0 16.42 0.00 19.94 0.00 18.19
1 13.36 0.00 40.64 0.00 25.64
2 3.47 0.00 28.24 0.00 9.25
3 17.40 0.03 5.78 0.00 20.89
4 13.23 0.00 41.23 0.00 27.19
5 17.28 0.01 6.96 0.00 20.73
6 15.04 0.03 42.27 0.00 16.19
7 20.13 0.08 44.14 0.00 1.38
8 4.48 0.00 -51.78 0.00 23.67
9 4.75 0.00 -50.60 0.00 20.23
10 3.73 0.01 33.07 0.00 5.88
11 15.21 -0.05 40.83 0.00 25.94
12 16.36 0.16 12.91 0.00 17.65
13 17.14 -0.01 8.57 0.00 18.97
14 4.95 0.00 -48.57 0.00 5.43
15 15.38 0.00 43.74 0.00 16.41
16 22.70 0.00 -11.71 0.00 10.11
17 20.16 0.01 46.72 0.00 13.16
18 23.03 -0.01 -14.81 0.00 5.38
19 12.88 0.00 40.78 0.00 22.07
frameEnd
frameHead right bk
11 13 08 243
0 1 1 0 0 0 0
1532 29 0
0 1.42 0.00 -23.77 0.00 34.00
1 1.73 0.00 -21.01 0.00 30.47
2 3.71 0.00 -2.76 0.00 13.76
3 3.96 0.00 -1.38 0.00 10.20
4 4.21 -0.01 0.34 0.00 9.84
5 5.20 0.00 -42.37 0.00 18.35
6 5.49 0.00 -41.33 0.00 21.65
7 5.70 0.00 -39.27 0.00 22.31
8 5.94 0.00 -39.27 0.00 15.88
9 6.39 0.00 -32.72 0.00 16.02
10 6.69 0.00 -32.72 0.00 13.59
11 7.04 0.00 -34.44 0.00 6.40
12 7.43 0.00 -28.24 0.00 20.69
13 7.68 0.00 -28.24 0.00 24.38
14 7.92 0.00 -27.56 0.00 22.57
15 8.68 0.00 -14.81 0.00 20.13
16 8.91 0.00 -15.84 0.00 21.07
17 9.16 0.00 -19.63 0.00 19.04
18 9.90 -0.01 -33.41 0.00 16.84
19 10.15 0.00 -29.62 0.00 16.75
20 10.40 -0.01 -29.97 0.00 11.63
21 11.64 0.01 -26.87 0.00 14.07
22 11.95 0.02 -26.87 0.00 8.00
23 12.13 0.01 -29.97 0.00 9.92
24 15.10 0.00 55.46 0.00 22.96
25 15.24 0.00 57.87 0.00 22.43
26 16.10 0.00 32.03 0.00 11.58
27 16.51 0.00 33.07 0.00 12.24
28 16.84 0.00 33.07 0.00 18.21
frameEnd
frameHead right ak
1532 37 0
0 5.12 0.00 -42.33 0.00 18.35
1 4.17 0.00 -1.20 0.00 10.20
2 1.45 0.00 -23.80 0.00 34.00
3 4.21 -0.01 0.34 0.00 9.84
4 16.47 0.00 32.01 0.00 11.58
5 3.88 0.00 -3.02 0.00 13.76
6 16.27 0.00 33.40 0.00 12.24
7 8.87 0.01 -15.25 0.00 21.07
8 1.73 0.00 -21.36 0.00 30.47
9 8.73 -0.01 -14.96 0.00 20.13
10 13.28 0.03 -27.05 0.00 10.36
11 5.49 0.00 -41.33 0.00 21.65
12 16.38 -0.02 34.28 0.00 11.42
13 7.36 0.01 -28.17 0.00 20.69
14 5.43 0.00 -39.56 0.00 22.31
15 5.94 0.00 -39.27 0.00 15.88
16 13.24 -0.02 -25.48 0.00 11.44
17 6.41 0.02 -34.97 0.00 6.40
18 12.09 0.17 -23.49 0.00 14.18
19 16.74 -0.01 33.79 0.00 18.21
20 7.92 0.00 -27.47 0.00 22.57
21 11.74 -0.05 -26.95 0.00 14.07
22 9.16 0.00 -18.90 0.00 19.04
23 10.00 -0.04 -34.74 0.00 16.84
24 10.18 0.00 -28.21 0.00 18.21
25 6.69 0.00 -32.75 0.00 13.59
26 12.04 0.10 -28.10 0.00 8.00
27 7.25 0.01 -29.16 0.00 24.38
28 15.11 0.00 55.21 0.00 22.96
29 11.31 0.03 -26.23 0.00 7.95
30 11.69 0.00 -28.18 0.00 15.46
31 6.33 0.02 -34.37 0.00 16.02
32 11.58 0.04 -30.03 0.00 9.92
33 12.96 -0.09 -25.91 0.00 5.96
34 10.65 -0.02 -30.17 0.00 11.63
35 10.27 -0.01 -29.42 0.00 16.75
36 15.25 0.00 57.19 0.00 22.43
frameEnd
frameHead left bk
11 13 08 273
0 1 1 0 0 0 0
2074 13 0
0 4.47 0.00 -53.39 0.00 23.53
1 4.70 0.00 -52.36 0.00 19.85
2 4.95 0.00 -49.60 0.00 7.88
3 12.88 0.00 40.99 0.00 22.11
4 13.22 0.00 41.33 0.00 27.20
5 13.37 0.00 40.99 0.00 25.92
6 14.86 0.00 45.81 0.00 15.92
7 15.40 0.00 46.84 0.00 16.17
8 17.09 0.00 7.92 0.00 18.19
9 17.33 0.00 6.54 0.00 20.03
10 17.50 0.01 5.51 0.00 20.92
11 19.56 0.00 36.86 0.00 16.43
12 19.87 0.00 37.89 0.00 20.36
frameEnd
frameHead left ak
2074 19 0
0 16.42 0.00 19.97 0.00 18.19
1 13.36 0.00 40.67 0.00 25.92
2 4.47 0.00 -53.39 0.00 23.53
3 17.41 0.03 5.68 0.00 20.92
4 13.23 0.00 41.23 0.00 27.20
5 17.28 0.01 6.90 0.00 20.03
6 15.04 0.03 42.25 0.00 16.19
7 20.13 0.09 44.46 0.00 1.38
8 4.53 0.00 -52.03 0.00 19.85
9 15.40 0.00 46.84 0.00 16.17
10 15.21 -0.04 40.52 0.00 25.94
11 16.36 0.20 12.31 0.00 17.65
12 17.14 -0.01 8.45 0.00 18.19
13 4.95 0.00 -49.59 0.00 7.88
14 14.87 0.00 45.65 0.00 15.92
15 19.56 0.00 36.86 0.00 16.43
16 20.16 0.00 46.85 0.00 13.16
17 19.87 0.00 37.89 0.00 20.36
18 12.88 0.00 40.80 0.00 22.11
frameEnd
frameHead right bk
11 13 08 310
0 1 1 0 0 0 0
1533 32 0
0 1.44 0.00 -23.77 0.00 34.52
1 1.73 0.00 -21.36 0.00 30.98
2 3.71 0.00 -3.10 0.00 13.62
3 3.96 0.00 -2.76 0.00 10.06
4 4.21 0.00 -2.41 0.00 9.89
5 4.95 0.00 -40.99 0.00 14.60
6 5.20 0.00 -41.33 0.00 18.50
7 5.49 0.00 -40.64 0.00 21.63
8 5.94 0.00 -38.58 0.00 16.28
9 6.13 0.00 -35.48 0.00 12.98
10 6.41 0.00 -33.41 0.00 15.74
11 7.00 0.00 -26.18 0.00 6.37
12 7.18 0.01 -28.59 0.00 7.97
13 7.43 0.00 -28.24 0.00 20.15
14 7.92 0.00 -27.21 0.00 22.77
15 8.20 0.00 -23.08 0.00 19.82
16 8.68 0.00 -15.16 0.00 20.17
17 8.91 0.00 -15.84 0.00 21.07
18 9.16 0.00 -19.29 0.00 19.18
19 9.86 0.00 -33.41 0.00 17.17
20 10.15 0.00 -30.66 0.00 17.02
21 10.40 0.00 -31.00 0.00 10.06
22 11.64 0.00 -24.80 0.00 13.10
23 11.93 0.00 -25.83 0.00 11.40
24 12.10 0.00 -28.24 0.00 11.37
25 13.37 0.00 -24.80 0.00 10.13
26 13.59 -0.01 -24.80 0.00 12.75
27 15.10 0.00 55.11 0.00 22.58
28 15.24 0.00 57.87 0.00 21.98
29 16.10 0.00 32.03 0.00 10.87
30 16.27 0.00 32.72 0.00 14.77
31 16.84 0.00 32.72 0.00 18.63
frameEnd
frameHead right ak
1533 38 0
0 3.71 0.00 -3.10 0.00 13.62
1 5.10 0.00 -41.94 0.00 14.60
2 4.18 0.00 -1.73 0.00 9.89
3 1.45 0.00 -23.79 0.00 34.52
4 7.00 0.00 -26.18 0.00 6.37
5 16.45 -0.01 32.01 0.00 10.87
6 3.90 0.00 -2.78 0.00 10.06
7 16.27 0.00 33.35 0.00 14.77
8 8.88 0.01 -15.27 0.00 21.07
9 1.73 0.00 -21.36 0.00 30.98
10 8.73 -0.01 -14.96 0.00 20.17
11 13.28 0.03 -27.05 0.00 10.36
12 5.40 0.00 -41.33 0.00 18.50
13 16.38 -0.02 34.27 0.00 11.42
14 7.36 0.01 -28.15 0.00 20.15
15 5.44 0.01 -39.63 0.00 21.63
16 5.94 0.00 -38.59 0.00 16.28
17 13.25 -0.01 -25.43 0.00 10.13
18 6.39 0.01 -35.08 0.00 12.98
19 12.04 0.11 -23.52 0.00 13.10
20 16.76 0.00 33.47 0.00 18.63
21 7.92 0.00 -27.40 0.00 22.77
22 11.74 -0.05 -26.84 0.00 14.07
23 9.16 0.00 -19.03 0.00 19.18
24 9.99 -0.03 -34.72 0.00 17.17
25 10.18 0.00 -28.21 0.00 18.21
26 8.20 0.00 -23.08 0.00 19.82
27 12.05 0.10 -28.17 0.00 11.37
28 7.24 0.01 -28.94 0.00 7.97
29 15.11 0.00 55.20 0.00 22.58
30 11.36 0.05 -26.17 0.00 11.40
31 11.69 0.00 -28.50 0.00 15.46
32 6.35 0.01 -33.72 0.00 15.74
33 11.49 0.00 -30.19 0.00 10.06
34 13.06 -0.01 -25.43 0.00 12.75
35 10.55 -0.02 -30.35 0.00 17.02
36 10.27 -0.01 -29.50 0.00 16.75
37 15.25 0.00 57.21 0.00 21.98
frameEnd
frameHead left bk
11 13 08 324
0 1 1 0 0 0 0
2075 13 0
0 4.47 0.00 -51.32 0.00 23.24
1 4.70 0.00 -48.91 0.00 19.67
2 4.95 0.00 -50.29 0.00 7.29
3 13.22 0.00 41.33 0.00 27.39
4 13.37 0.00 40.99 0.00 25.91
5 14.86 0.00 44.43 0.00 15.99
6 15.41 0.00 43.40 0.00 16.90
7 16.36 0.00 18.94 0.00 17.75
8 16.70 0.00 20.32 0.00 13.49
9 17.50 0.00 4.82 0.00 21.40
10 17.83 0.00 3.10 0.00 16.97
11 20.75 0.00 -3.44 0.00 5.54
12 21.06 -0.01 -2.76 0.00 5.92
frameEnd
frameHead left ak
2075 19 0
0 16.47 0.02 20.18 0.00 13.49
1 13.36 0.00 40.70 0.00 25.91
2 4.70 0.00 -48.91 0.00 19.67
3 17.42 0.03 5.46 0.00 21.40
4 13.23 0.00 41.24 0.00 27.39
5 17.30 0.02 6.35 0.00 16.97
6 15.07 0.04 42.49 0.00 16.90
7 20.14 0.10 44.79 0.00 1.38
8 4.52 0.00 -51.76 0.00 23.24
9 16.36 0.00 18.94 0.00 17.75
10 20.75 0.00 -3.44 0.00 5.54
11 15.21 -0.04 40.20 0.00 25.94
12 16.38 0.24 11.67 0.00 17.65
13 17.13 -0.01 8.45 0.00 18.19
14 4.95 0.00 -49.97 0.00 7.29
15 14.86 0.00 45.05 0.00 15.99
16 21.06 -0.01 -2.76 0.00 5.92
17 20.16 0.00 46.99 0.00 13.16
18 12.88 0.00 40.80 0.00 22.11
frameEnd
frameHead left bk
11 13 08 371
0 1 1 0 0 0 0
2076 9 0
0 4.47 0.00 -51.67 0.00 23.36
1 4.70 0.00 -51.67 0.00 19.89
2 12.88 0.00 40.99 0.00 22.13
3 13.22 0.00 40.99 0.00 27.30
4 13.37 0.00 39.96 0.00 25.74
5 17.09 0.00 8.61 0.00 19.27
6 17.33 0.00 6.89 0.00 21.16
7 22.73 0.01 -13.09 0.00 10.32
8 23.28 0.02 -14.47 0.00 3.19
frameEnd
frameHead left ak
2076 16 0
0 16.47 0.02 20.24 0.00 13.49
1 13.36 0.00 40.69 0.00 25.91
2 22.73 0.01 -13.09 0.00 10.32
3 17.42 0.03 5.40 0.00 21.40
4 13.22 0.00 41.22 0.00 27.30
5 17.30 0.02 6.41 0.00 21.16
6 15.07 0.04 42.48 0.00 16.90
7 20.14 0.12 45.14 0.00 1.38
8 4.51 0.00 -51.71 0.00 23.36
9 23.28 0.02 -14.47 0.00 3.19
10 15.05 -0.11 39.98 0.00 25.74
11 16.39 0.28 11.02 0.00 17.65
12 17.13 -0.01 8.49 0.00 19.27
13 4.87 0.00 -50.80 0.00 19.89
14 20.16 0.00 47.11 0.00 13.16
15 12.88 0.00 40.82 0.00 22.13
frameEnd
frameHead right bk
11 13 08 385
0 1 1 0 0 0 0
1534 31 0
0 1.44 0.00 -23.77 0.00 34.11
1 1.73 0.00 -20.67 0.00 30.77
2 3.71 0.00 -3.44 0.00 13.43
3 3.96 0.00 -3.10 0.00 10.26
4 4.21 0.01 -1.03 0.00 9.76
5 4.95 0.00 -40.64 0.00 14.13
6 5.20 0.00 -41.68 0.00 19.11
7 5.49 0.00 -40.99 0.00 22.92
8 5.70 0.00 -39.61 0.00 23.22
9 6.19 0.00 -38.23 0.00 13.54
10 6.41 0.00 -35.82 0.00 16.58
11 6.69 0.00 -34.10 0.00 13.67
12 7.06 0.00 -29.28 0.00 7.77
13 7.43 0.00 -27.90 0.00 20.28
14 7.69 0.00 -28.24 0.00 24.29
15 7.92 0.00 -28.24 0.00 22.80
16 8.70 0.00 -14.81 0.00 19.82
17 8.91 0.00 -15.50 0.00 20.84
18 9.16 0.00 -18.60 0.00 19.14
19 9.84 0.00 -34.10 0.00 16.54
20 10.15 0.00 -27.56 0.00 16.16
21 11.14 0.00 -30.66 0.00 12.25
22 11.38 0.00 -27.21 0.00 15.39
23 11.95 0.00 -28.59 0.00 8.27
24 12.13 -0.01 -29.28 0.00 8.20
25 13.37 0.00 -26.18 0.00 9.70
26 13.57 0.00 -24.80 0.00 12.76
27 16.31 0.00 31.34 0.00 15.40
28 16.51 0.00 34.44 0.00 13.96
29 16.84 0.00 33.76 0.00 18.84
30 17.09 0.00 32.03 0.00 22.42
frameEnd
frameHead right ak
1534 39 0
0 3.71 0.00 -3.44 0.00 13.43
1 5.11 0.00 -41.93 0.00 19.11
2 4.18 0.01 -1.53 0.00 9.76
3 1.45 0.00 -23.79 0.00 34.11
4 7.69 0.00 -28.01 0.00 24.29
5 16.45 -0.01 31.99 0.00 15.40
6 3.91 0.00 -2.86 0.00 10.26
7 16.27 0.00 33.37 0.00 14.77
8 8.88 0.01 -15.28 0.00 20.84
9 1.73 0.00 -21.34 0.00 30.77
10 8.73 -0.01 -14.95 0.00 19.82
11 13.31 0.04 -26.86 0.00 12.76
12 5.42 0.00 -41.15 0.00 22.92
13 16.39 -0.01 34.26 0.00 13.96
14 7.37 0.01 -28.07 0.00 20.28
15 5.45 0.02 -39.45 0.00 23.22
16 6.07 0.00 -38.38 0.00 13.54
17 13.26 -0.01 -25.50 0.00 9.70
18 6.39 0.01 -35.34 0.00 16.58
19 12.05 0.11 -23.44 0.00 13.10
20 16.77 0.01 33.64 0.00 18.84
21 7.92 0.00 -27.78 0.00 22.80
22 11.71 -0.06 -26.80 0.00 15.39
23 9.16 0.00 -18.98 0.00 19.14
24 9.99 -0.03 -34.74 0.00 16.54
25 10.18 0.00 -28.15 0.00 16.16
26 4.95 0.00 -40.64 0.00 14.13
27 12.04 0.09 -28.27 0.00 8.27
28 7.21 0.00 -29.10 0.00 7.77
29 15.11 0.00 55.20 0.00 22.58
30 11.36 0.05 -26.17 0.00 11.40
31 11.75 0.05 -29.17 0.00 8.20
32 6.42 0.01 -33.57 0.00 13.67
33 11.47 0.00 -30.24 0.00 12.25
34 13.06 -0.01 -25.39 0.00 12.75
35 10.55 -0.03 -30.38 0.00 17.02
36 10.27 -0.01 -29.59 0.00 16.75
37 17.09 0.00 32.03 0.00 22.42
38 15.25 0.00 57.19 0.00 21.98
frameEnd
frameHead left bk
11 13 08 427
0 1 1 0 0 0 0
2077 13 0
0 3.47 0.00 28.59 0.00 10.05
1 3.73 0.00 31.69 0.00 4.22
2 4.47 0.00 -52.70 0.00 23.45
3 4.70 0.00 -51.67 0.00 19.88
4 4.95 -0.01 -55.46 0.00 6.05
5 12.88 0.00 40.99 0.00 22.31
6 13.20 0.00 41.33 0.00 27.29
7 13.37 0.00 40.99 0.00 25.59
8 17.09 0.00 7.92 0.00 19.17
9 17.33 0.00 6.89 0.00 20.76
10 17.49 0.00 5.86 0.00 21.27
11 19.87 0.00 37.89 0.00 20.62
12 20.06 0.00 39.61 0.00 18.09
frameEnd
frameHead left ak
2077 18 0
0 16.47 0.02 20.30 0.00 13.49
1 13.36 0.00 40.72 0.00 25.59
2 3.47 0.00 28.59 0.00 10.05
3 17.42 0.03 5.44 0.00 21.27
4 13.22 0.00 41.23 0.00 27.29
5 17.30 0.01 6.46 0.00 20.76
6 15.07 0.04 42.47 0.00 16.90
7 20.15 0.13 45.50 0.00 1.38
8 4.54 0.00 -51.68 0.00 19.88
9 3.73 0.00 31.69 0.00 4.22
10 4.95 -0.01 -55.46 0.00 6.05
11 15.05 -0.10 39.59 0.00 25.74
12 17.13 -0.01 8.36 0.00 19.17
13 4.77 0.00 -51.81 0.00 23.45
14 19.87 0.00 37.89 0.00 20.62
15 20.06 0.00 39.61 0.00 18.09
16 20.16 -0.01 47.24 0.00 13.16
17 12.88 0.00 40.84 0.00 22.31
frameEnd
frameHead right bk
11 13 08 446
0 1 1 0 0 0 0
1535 29 0
0 1.44 0.00 -23.77 0.00 34.16
1 1.73 0.00 -21.36 0.00 30.77
2 3.71 0.00 -0.34 0.00 14.83
3 3.96 -0.01 -0.69 0.00 10.63
4 4.21 -0.01 -1.03 0.00 10.08
5 4.95 0.00 -40.99 0.00 14.02
6 5.20 0.00 -42.02 0.00 18.43
7 5.70 0.00 -38.92 0.00 22.04
8 6.04 0.00 -42.02 0.00 14.62
9 6.19 0.00 -36.86 0.00 15.02
10 6.69 0.00 -34.10 0.00 13.08
11 7.04 0.00 -32.38 0.00 8.91
12 7.43 0.00 -27.21 0.00 20.38
13 7.68 0.00 -27.21 0.00 23.95
14 7.92 0.00 -27.21 0.00 22.05
15 8.70 0.00 -15.16 0.00 20.18
16 8.91 0.00 -15.50 0.00 21.20
17 9.16 0.00 -18.94 0.00 19.42
18 9.87 0.00 -32.03 0.00 17.07
19 10.15 0.00 -27.21 0.00 16.85
20 11.42 0.00 -27.21 0.00 12.25
21 11.64 0.01 -26.87 0.00 11.98
22 11.95 0.00 -29.97 0.00 7.82
23 13.37 0.00 -24.46 0.00 11.00
24 13.59 0.00 -24.80 0.00 13.77
25 15.10 0.00 55.46 0.00 23.02
26 15.26 0.00 57.87 0.00 22.76
27 16.10 -0.01 32.72 0.00 12.70
28 16.27 0.00 32.03 0.00 15.66
frameEnd
frameHead right ak
1535 36 0
0 3.84 0.01 -1.78 0.00 10.63
1 5.12 0.00 -42.04 0.00 18.43
2 4.18 0.00 -1.36 0.00 10.08
3 1.45 0.00 -23.78 0.00 34.16
4 7.68 0.00 -27.62 0.00 23.95
5 16.44 -0.02 31.99 0.00 15.66
6 16.26 0.00 33.32 0.00 12.70
7 8.88 0.01 -15.28 0.00 21.20
8 1.73 0.00 -21.34 0.00 30.77
9 8.73 -0.01 -14.95 0.00 20.18
10 13.32 0.04 -26.86 0.00 12.76
11 16.39 -0.01 34.24 0.00 13.96
12 7.37 0.01 -27.85 0.00 20.38
13 5.46 0.02 -39.16 0.00 22.04
14 6.11 0.01 -37.60 0.00 15.02
15 13.29 0.01 -25.45 0.00 13.77
16 12.18 0.17 -23.93 0.00 11.00
17 16.77 0.01 33.80 0.00 18.84
18 7.92 0.00 -27.62 0.00 22.05
19 11.70 -0.06 -26.70 0.00 11.98
20 9.16 0.00 -19.01 0.00 19.42
21 10.17 0.00 -28.05 0.00 16.85
22 4.95 0.00 -40.98 0.00 14.02
23 11.99 0.06 -28.21 0.00 12.25
24 15.11 0.00 55.21 0.00 23.02
25 11.37 0.05 -26.17 0.00 11.40
26 11.77 0.04 -29.62 0.00 7.82
27 6.47 0.01 -33.58 0.00 13.08
28 11.47 0.01 -30.23 0.00 12.25
29 13.05 -0.01 -25.34 0.00 12.75
30 10.43 -0.03 -31.22 0.00 17.07
31 10.27 -0.01 -29.68 0.00 16.75
32 3.71 0.00 -0.34 0.00 14.83
33 6.04 0.00 -42.02 0.00 14.62
34 7.04 0.00 -32.38 0.00 8.91
35 15.25 0.00 57.21 0.00 22.76
frameEnd
frameHead left bk
11 13 08 467
0 1 1 0 0 0 0
2078 12 0
0 4.47 0.00 -51.67 0.00 23.72
1 4.70 0.00 -50.63 0.00 19.89
2 12.88 0.00 40.64 0.00 22.12
3 13.20 0.00 40.99 0.00 27.42
4 13.37 0.00 40.30 0.00 25.93
5 14.86 0.00 42.71 0.00 16.45
6 15.43 0.00 39.61 0.00 17.30
7 17.09 0.00 8.27 0.00 19.56
8 17.33 0.00 6.89 0.00 21.01
9 17.47 0.00 6.20 0.00 21.13
10 23.28 0.01 -21.36 0.00 2.15
11 23.49 0.01 -21.70 0.00 1.76
frameEnd
frameHead left ak
2078 15 0
0 16.47 0.02 20.35 0.00 13.49
1 13.36 0.00 40.68 0.00 25.93
2 23.28 0.01 -21.36 0.00 2.15
3 17.42 0.03 5.64 0.00 21.01
4 13.22 0.00 41.21 0.00 27.42
5 17.31 0.01 6.40 0.00 21.13
6 15.05 0.02 42.46 0.00 16.45
7 20.16 0.15 45.87 0.00 1.38
8 4.53 0.00 -51.66 0.00 23.72
9 23.49 0.01 -21.70 0.00 1.76
10 4.72 0.00 -50.46 0.00 19.89
11 15.08 -0.04 39.09 0.00 17.30
12 17.13 -0.01 8.34 0.00 19.56
13 20.16 -0.01 47.36 0.00 13.16
14 12.88 0.00 40.83 0.00 22.12
frameEnd
frameHead right bk
11 13 08 502
0 1 1 0 0 0 0
1536 22 0
0 1.44 0.00 -23.77 0.00 34.30
1 1.73 0.00 -21.36 0.00 31.16
2 3.71 0.00 -1.72 0.00 12.90
3 3.96 0.00 -2.76 0.00 9.51
4 4.21 0.01 -2.07 0.00 10.13
5 5.20 0.00 -41.68 0.00 18.84
6 5.46 0.00 -41.33 0.00 22.19
7 5.70 0.00 -39.96 0.00 21.73
8 6.35 0.00 -35.13 0.00 15.86
9 6.69 0.00 -31.69 0.00 12.76
10 7.18 0.01 -32.03 0.00 9.68
11 7.43 0.00 -28.59 0.00 20.66
12 7.68 0.00 -27.90 0.00 23.89
13 7.92 0.00 -27.21 0.00 22.32
14 8.71 0.00 -15.50 0.00 20.48
15 8.91 0.00 -16.19 0.00 21.48
16 9.16 0.00 -18.60 0.00 19.62
17 9.83 0.00 -33.41 0.00 16.05
18 10.15 0.00 -27.90 0.00 16.36
19 16.27 0.00 31.34 0.00 15.52
20 16.53 -0.01 31.69 0.00 12.37
21 16.84 0.00 32.38 0.00 17.88
frameEnd
frameHead right ak
1536 36 0
0 3.80 0.00 -1.50 0.00 12.90
1 5.13 0.00 -41.96 0.00 18.84
2 4.19 0.01 -1.65 0.00 10.13
3 1.45 0.00 -23.78 0.00 34.30
4 7.68 0.00 -27.71 0.00 23.89
5 16.44 -0.01 31.98 0.00 12.37
6 3.96 0.00 -2.76 0.00 9.51
7 16.29 0.02 33.23 0.00 17.88
8 8.87 0.00 -15.29 0.00 20.48
9 1.73 0.00 -21.35 0.00 31.16
10 8.74 -0.01 -14.99 0.00 21.48
11 13.32 0.04 -26.85 0.00 12.76
12 16.27 0.00 31.34 0.00 15.52
13 16.39 -0.01 34.22 0.00 13.96
14 7.37 0.01 -27.95 0.00 20.66
15 5.48 0.03 -39.17 0.00 21.73
16 6.17 0.02 -36.23 0.00 15.86
17 13.29 0.01 -25.46 0.00 13.77
18 12.20 0.17 -23.88 0.00 11.00
19 16.77 0.02 33.97 0.00 18.84
20 7.92 0.00 -27.49 0.00 22.32
21 11.70 -0.06 -26.59 0.00 11.98
22 9.16 0.00 -18.96 0.00 19.62
23 10.17 0.00 -28.03 0.00 16.36
24 5.21 0.01 -41.19 0.00 22.19
25 12.00 0.06 -28.28 0.00 12.25
26 15.11 0.00 55.21 0.00 23.02
27 11.37 0.04 -26.17 0.00 11.40
28 11.77 0.05 -29.98 0.00 7.82
29 6.50 0.01 -32.64 0.00 12.76
30 11.47 0.02 -30.21 0.00 12.25
31 13.05 0.00 -25.29 0.00 12.75
32 10.34 -0.03 -32.19 0.00 16.05
33 10.27 -0.01 -29.77 0.00 16.75
34 7.18 0.01 -32.05 0.00 9.68
35 15.25 0.00 57.19 0.00 22.76
frameEnd
frameHead left bk
11 13 08 518
0 1 1 0 0 0 0
2079 12 0
0 4.49 0.00 -51.67 0.00 23.63
1 4.70 0.00 -50.98 0.00 20.35
2 4.95 -0.01 -52.70 0.00 7.15
3 13.22 0.00 41.33 0.00 27.30
4 13.37 0.00 40.30 0.00 25.75
5 17.09 0.00 8.27 0.00 19.07
6 17.33 0.00 6.89 0.00 21.06
7 17.49 0.00 6.20 0.00 21.59
8 19.56 0.00 39.27 0.00 15.62
9 19.87 0.00 40.30 0.00 20.24
10 20.30 0.00 46.16 0.00 12.96
11 20.55 0.00 42.02 0.00 3.85
frameEnd
frameHead left ak
2079 16 0
0 16.47 0.02 20.41 0.00 13.49
1 13.36 0.00 40.65 0.00 25.75
2 4.95 -0.01 -52.70 0.00 7.15
3 17.41 0.02 5.78 0.00 21.06
4 13.22 0.00 41.22 0.00 27.30
5 17.32 0.02 6.36 0.00 21.59
6 15.05 0.02 42.45 0.00 16.45
7 20.15 0.04 45.92 0.00 12.96
8 4.52 0.00 -51.64 0.00 23.63
9 19.56 0.00 39.27 0.00 15.62
10 4.71 0.00 -50.74 0.00 20.35
11 15.08 -0.02 38.66 0.00 17.30
12 19.87 0.00 40.30 0.00 20.24
13 17.13 -0.01 8.32 0.00 19.07
14 20.55 0.00 42.02 0.00 3.85
15 12.88 0.00 40.83 0.00 22.12
frameEnd
frameHead right bk
11 13 08 571
0 1 1 0 0 0 0
1537 29 0
0 1.44 0.00 -24.80 0.00 34.46
1 1.73 0.00 -22.04 0.00 30.83
2 3.71 0.00 -3.44 0.00 14.07
3 3.96 0.00 -2.07 0.00 10.27
4 4.21 0.00 0.00 0.00 10.17
5 5.20 0.00 -42.71 0.00 18.63
6 5.51 0.00 -40.64 0.00 21.98
7 5.70 0.00 -39.27 0.00 22.71
8 6.19 0.00 -39.27 0.00 12.30
9 6.38 0.00 -36.86 0.00 14.72
10 6.69 0.00 -34.10 0.00 12.79
11 7.18 0.00 -28.59 0.00 9.30
12 7.43 0.00 -28.24 0.00 20.37
13 7.68 0.00 -27.90 0.00 24.05
14 7.92 0.00 -26.87 0.00 22.32
15 8.70 0.00 -15.16 0.00 19.89
16 8.91 0.00 -15.84 0.00 20.53
17 9.16 0.00 -19.98 0.00 18.77
18 10.40 0.00 -26.18 0.00 12.85
19 10.90 -0.01 -27.56 0.00 9.31
20 11.41 0.00 -26.52 0.00 16.30
21 11.64 0.00 -26.87 0.00 13.47
22 11.93 0.01 -25.14 0.00 8.00
23 13.37 0.00 -25.83 0.00 11.61
24 13.59 0.00 -25.14 0.00 14.90
25 16.10 0.00 31.69 0.00 10.36
26 16.23 0.00 31.00 0.00 13.49
27 16.50 0.00 33.07 0.00 12.61
28 16.84 0.00 31.69 0.00 18.61
frameEnd
frameHead right ak
1537 38 0
0 3.90 0.01 -0.52 0.00 10.17
1 5.14 0.00 -42.26 0.00 18.63
2 4.17 0.00 -1.85 0.00 10.27
3 1.45 0.00 -23.82 0.00 34.46
4 7.68 0.00 -27.78 0.00 24.05
5 16.42 -0.02 31.97 0.00 10.36
6 3.72 0.00 -3.48 0.00 14.07
7 16.30 0.02 33.22 0.00 12.61
8 8.87 0.01 -15.30 0.00 20.53
9 1.73 0.00 -21.38 0.00 30.83
10 8.73 -0.01 -14.99 0.00 19.89
11 13.35 0.05 -26.70 0.00 14.90
12 16.24 0.00 31.04 0.00 13.49
13 16.39 -0.01 34.21 0.00 13.96
14 7.38 0.01 -27.98 0.00 20.37
15 5.49 0.04 -39.07 0.00 22.71
16 6.21 0.01 -36.20 0.00 14.72
17 13.29 0.01 -25.50 0.00 11.61
18 6.19 0.00 -39.27 0.00 12.30
19 12.16 0.13 -23.96 0.00 8.00
20 16.78 0.02 33.22 0.00 18.61
21 7.92 0.00 -27.28 0.00 22.32
22 11.70 -0.05 -26.54 0.00 13.47
23 9.16 0.00 -19.20 0.00 18.77
24 10.40 0.00 -26.18 0.00 12.85
25 10.21 0.01 -28.01 0.00 9.31
26 5.31 0.01 -40.96 0.00 21.98
27 12.00 0.06 -28.34 0.00 12.25
28 15.11 0.00 55.21 0.00 23.02
29 11.37 0.04 -26.21 0.00 16.30
30 11.78 0.06 -30.28 0.00 7.82
31 6.52 0.01 -32.96 0.00 12.79
32 11.47 0.02 -30.19 0.00 12.25
33 13.05 0.00 -25.25 0.00 12.75
34 10.34 -0.02 -32.49 0.00 16.05
35 10.27 -0.01 -29.84 0.00 16.75
36 7.18 0.02 -30.27 0.00 9.30
37 15.25 0.00 57.18 0.00 22.76
frameEnd
frameHead left bk
11 13 08 586
0 1 1 0 0 0 0
2080 16 0
0 3.47 0.00 25.14 0.00 9.62
1 3.71 -0.01 31.69 0.00 3.40
2 4.47 0.00 -50.98 0.00 23.70
3 4.70 0.00 -50.29 0.00 20.24
4 12.88 0.00 40.99 0.00 22.25
5 13.20 0.00 41.33 0.00 27.21
6 13.37 0.00 40.99 0.00 25.75
7 14.86 0.00 44.78 0.00 16.98
8 15.45 0.00 40.99 0.00 17.86
9 17.09 0.00 8.27 0.00 19.17
10 17.33 0.00 6.89 0.00 21.35
11 17.46 0.00 6.54 0.00 21.74
12 19.87 0.00 40.30 0.00 19.68
13 20.06 0.00 43.06 0.00 17.09
14 29.47 -0.01 -23.77 0.00 10.08
15 29.71 0.00 -21.36 0.00 10.05
frameEnd
frameHead left ak
2080 19 0
0 16.47 0.02 20.47 0.00 13.49
1 13.36 0.00 40.67 0.00 25.75
2 4.71 0.00 -50.20 0.00 20.24
3 17.40 0.02 5.89 0.00 21.35
4 13.22 0.00 41.22 0.00 27.21
5 17.32 0.02 6.36 0.00 21.74
6 15.08 0.04 42.24 0.00 17.86
7 20.15 0.05 46.28 0.00 12.96
8 3.47 0.00 25.14 0.00 9.62
9 4.63 0.00 -50.89 0.00 23.70
10 15.08 0.00 38.21 0.00 17.30
11 19.87 0.00 40.30 0.00 19.68
12 17.12 -0.01 8.30 0.00 19.17
13 20.06 0.00 42.89 0.00 17.09
14 3.71 -0.01 31.69 0.00 3.40
15 14.86 0.00 44.78 0.00 16.98
16 29.47 -0.01 -23.77 0.00 10.08
17 29.71 0.00 -21.36 0.00 10.05
18 12.88 0.00 40.84 0.00 22.25
frameEnd
frameHead left bk
11 13 08 617
0 1 1 0 0 0 0
2081 8 0
0 4.47 0.00 -51.67 0.00 23.42
1 4.70 0.00 -50.63 0.00 19.90
2 13.20 0.00 40.99 0.00 27.48
3 13.37 0.00 40.30 0.00 25.78
4 16.36 0.00 18.26 0.00 17.74
5 16.59 0.00 19.63 0.00 13.25
6 17.09 0.00 7.23 0.00 18.17
7 17.33 0.00 6.20 0.00 20.66
frameEnd
frameHead left ak
2081 13 0
0 16.49 0.02 19.98 0.00 13.25
1 13.36 0.00 40.64 0.00 25.78
2 4.59 0.00 -51.07 0.00 23.42
3 17.41 0.02 5.84 0.00 21.35
4 13.22 0.00 41.20 0.00 27.48
5 17.32 0.01 6.33 0.00 20.66
6 15.09 0.04 42.23 0.00 17.86
7 20.15 0.06 46.65 0.00 12.96
8 16.36 0.00 18.26 0.00 17.74
9 4.65 0.00 -50.81 0.00 19.90
10 15.08 0.02 37.74 0.00 17.30
11 17.12 -0.01 8.08 0.00 18.17
12 12.88 0.00 40.84 0.00 22.25
frameEnd
frameHead right bk
11 13 08 639
0 1 1 0 0 0 0
1538 32 0
0 1.44 0.00 -23.77 0.00 34.26
1 1.73 0.00 -21.01 0.00 30.80
2 3.71 0.00 -2.76 0.00 14.01
3 3.96 0.00 -2.76 0.00 10.93
4 4.21 0.00 -1.38 0.00 10.53
5 4.95 0.00 -40.30 0.00 14.95
6 5.20 0.00 -41.33 0.00 19.21
7 5.70 0.00 -39.27 0.00 21.73
8 6.05 0.00 -40.99 0.00 14.46
9 6.19 0.00 -35.82 0.00 13.83
10 6.69 0.00 -33.41 0.00 12.08
11 6.81 0.00 -29.97 0.00 11.16
12 7.18 0.00 -31.34 0.00 11.94
13 7.69 0.00 -27.90 0.00 24.48
14 7.92 0.00 -27.21 0.00 22.95
15 8.68 0.00 -14.81 0.00 20.00
16 8.91 0.00 -15.50 0.00 20.33
17 9.16 0.00 -18.94 0.00 18.19
18 9.84 0.00 -31.00 0.00 16.69
19 10.15 0.00 -27.56 0.00 16.50
20 10.90 0.01 -27.56 0.00 10.42
21 11.14 0.00 -24.11 0.00 7.80
22 11.64 0.00 -26.52 0.00 12.18
23 11.93 0.01 -26.87 0.00 8.64
24 12.13 0.00 -26.52 0.00 11.40
25 12.38 0.01 -26.52 0.00 5.98
26 12.88 0.01 -27.21 0.00 11.43
27 13.37 0.00 -23.08 0.00 9.84
28 16.10 0.00 32.72 0.00 10.23
29 16.31 0.00 31.69 0.00 14.50
30 16.50 0.00 32.72 0.00 14.05
31 16.84 0.00 31.69 0.00 18.83
frameEnd
frameHead right ak
1538 40 0
0 3.91 0.01 -1.32 0.00 10.93
1 4.17 0.00 -1.74 0.00 10.53
2 1.45 0.00 -23.81 0.00 34.26
3 7.68 0.00 -27.84 0.00 24.48
4 16.42 -0.02 31.96 0.00 14.50
5 3.72 0.00 -3.02 0.00 14.01
6 16.31 0.03 33.17 0.00 14.05
7 8.88 0.01 -15.31 0.00 20.33
8 1.73 0.00 -21.37 0.00 30.80
9 8.73 -0.01 -14.98 0.00 20.00
10 13.30 0.02 -26.79 0.00 11.43
11 16.54 0.01 31.29 0.00 18.83
12 16.36 -0.02 34.03 0.00 10.23
13 5.50 0.04 -38.96 0.00 21.73
14 6.21 0.00 -35.77 0.00 13.83
15 13.29 0.01 -25.51 0.00 11.61
16 6.05 0.00 -40.99 0.00 14.46
17 12.06 0.06 -23.66 0.00 7.80
18 16.78 0.02 33.31 0.00 18.61
19 7.92 0.00 -27.24 0.00 22.95
20 11.69 -0.05 -26.43 0.00 12.18
21 9.16 0.00 -19.20 0.00 18.19
22 10.89 0.01 -27.42 0.00 10.42
23 10.21 0.01 -27.96 0.00 16.50
24 5.28 0.00 -41.13 0.00 19.21
25 12.00 0.05 -28.23 0.00 8.64
26 4.95 0.00 -40.30 0.00 14.95
27 15.11 0.00 55.21 0.00 23.02
28 11.38 0.04 -26.21 0.00 16.30
29 11.78 0.06 -30.64 0.00 7.82
30 6.54 0.01 -32.97 0.00 12.08
31 11.47 0.03 -30.18 0.00 12.25
32 12.95 -0.06 -25.92 0.00 5.98
33 10.34 -0.02 -32.84 0.00 16.05
34 10.19 -0.05 -30.74 0.00 16.69
35 7.18 0.00 -31.34 0.00 11.94
36 12.13 0.00 -26.52 0.00 11.40
37 7.06 0.00 -30.12 0.00 11.16
38 13.37 0.00 -23.08 0.00 9.84
39 15.25 0.00 57.16 0.00 22.76
frameEnd
frameHead left bk
11 13 08 668
0 1 1 0 0 0 0
2082 12 0
0 3.47 0.00 22.39 0.00 9.11
1 3.67 -0.01 31.00 0.00 5.04
2 4.47 0.00 -51.67 0.00 23.92
3 4.70 0.00 -51.32 0.00 20.40
4 4.95 0.00 -56.49 0.00 6.61
5 12.88 0.00 40.64 0.00 22.07
6 13.22 0.00 40.99 0.00 27.42
7 13.37 0.00 40.99 0.00 25.90
8 16.34 0.00 17.91 0.00 17.82
9 16.59 0.00 19.63 0.00 12.71
10 17.09 0.00 8.61 0.00 17.99
11 17.33 0.00 6.89 0.00 20.76
frameEnd
frameHead left ak
2082 16 0
0 16.50 0.02 19.84 0.00 12.71
1 13.36 0.00 40.67 0.00 25.90
2 4.63 0.00 -51.25 0.00 20.40
3 17.41 0.02 5.80 0.00 21.35
4 13.22 0.00 41.19 0.00 27.42
5 17.32 0.01 6.40 0.00 20.76
6 15.09 0.03 42.22 0.00 17.86
7 20.16 0.07 47.04 0.00 12.96
8 16.34 0.00 17.95 0.00 17.82
9 3.47 0.00 22.39 0.00 9.11
10 4.62 0.00 -51.18 0.00 23.92
11 15.08 0.04 37.26 0.00 17.30
12 3.67 -0.01 31.00 0.00 5.04
13 17.12 -0.01 8.16 0.00 17.99
14 4.95 0.00 -56.49 0.00 6.61
15 12.88 0.00 40.83 0.00 22.07
frameEnd
frameHead right bk
11 13 08 702
0 1 1 0 0 0 0
1539 25 0
0 1.44 0.00 -23.77 0.00 34.17
1 1.73 0.00 -20.67 0.00 30.77
2 3.71 0.00 -2.76 0.00 14.23
3 3.96 0.00 -1.38 0.00 10.59
4 4.21 0.00 0.34 0.00 9.57
5 4.95 0.01 -41.68 0.00 14.15
6 5.20 0.00 -42.02 0.00 18.90
7 5.48 0.00 -40.99 0.00 21.63
8 6.05 0.00 -41.33 0.00 14.71
9 6.19 0.01 -36.51 0.00 14.96
10 6.36 0.00 -35.48 0.00 16.00
11 7.18 0.00 -28.24 0.00 10.85
12 7.43 0.00 -27.90 0.00 20.66
13 7.69 0.00 -27.56 0.00 24.46
14 8.67 0.00 -14.47 0.00 20.27
15 8.91 0.00 -15.16 0.00 20.68
16 9.16 0.00 -18.60 0.00 17.96
17 10.40 0.00 -25.14 0.00 10.76
18 10.90 0.00 -30.66 0.00 5.94
19 11.39 0.00 -25.83 0.00 16.45
20 11.64 0.00 -27.56 0.00 12.67
21 11.93 0.01 -27.21 0.00 6.73
22 16.10 0.00 32.72 0.00 11.28
23 16.27 0.00 32.72 0.00 14.72
24 16.51 0.00 35.13 0.00 12.82
frameEnd
frameHead right ak
1539 36 0
0 3.92 0.01 -1.22 0.00 10.59
1 4.21 0.00 0.34 0.00 9.57
2 1.45 0.00 -23.81 0.00 34.17
3 7.68 0.00 -27.73 0.00 24.46
4 16.40 -0.03 32.00 0.00 11.28
5 3.71 0.00 -2.79 0.00 14.23
6 16.31 0.03 33.14 0.00 14.72
7 8.88 0.01 -15.30 0.00 20.68
8 1.73 0.00 -21.34 0.00 30.77
9 8.73 -0.01 -14.96 0.00 20.27
10 13.30 0.02 -26.79 0.00 11.43
11 5.20 0.00 -42.02 0.00 18.90
12 16.37 -0.01 34.12 0.00 12.82
13 5.53 0.06 -38.32 0.00 14.96
14 6.23 0.00 -35.36 0.00 16.00
15 13.29 0.02 -25.52 0.00 11.61
16 6.05 0.00 -41.19 0.00 14.71
17 11.92 -0.02 -23.59 0.00 10.76
18 16.78 0.02 33.40 0.00 18.61
19 7.88 -0.01 -27.47 0.00 20.66
20 11.69 -0.05 -26.31 0.00 12.18
21 9.16 0.00 -19.12 0.00 17.96
22 10.21 0.01 -27.96 0.00 16.50
23 5.32 0.00 -41.08 0.00 21.63
24 11.97 0.04 -28.22 0.00 12.67
25 4.95 0.01 -41.66 0.00 14.15
26 15.11 0.00 55.21 0.00 23.02
27 11.38 0.03 -26.19 0.00 16.45
28 11.78 0.07 -31.02 0.00 7.82
29 11.42 0.00 -30.28 0.00 5.94
30 12.95 -0.06 -25.92 0.00 5.98
31 10.34 -0.02 -33.22 0.00 16.05
32 10.19 -0.05 -30.95 0.00 16.69
33 11.93 0.01 -27.17 0.00 6.73
34 7.09 0.00 -29.14 0.00 10.85
35 15.25 0.00 57.14 0.00 22.76
frameEnd
frameHead left bk
11 13 08 722
0 1 1 0 0 0 0
2083 17 0
0 3.47 -0.01 23.42 0.00 9.60
1 3.71 0.00 27.56 0.00 3.80
2 4.47 0.00 -53.04 0.00 23.79
3 4.70 0.00 -52.36 0.00 20.15
4 4.95 0.00 -49.94 0.00 7.82
5 12.88 0.00 39.96 0.00 22.36
6 13.20 0.00 40.99 0.00 27.43
7 13.37 0.00 40.30 0.00 25.95
8 14.01 0.00 19.29 0.00 21.79
9 14.36 0.00 21.36 0.00 13.68
10 14.86 0.00 44.78 0.00 16.83
11 15.45 0.01 46.84 0.00 16.69
12 16.34 0.00 17.91 0.00 17.64
13 16.68 0.00 18.94 0.00 11.74
14 17.09 0.00 7.58 0.00 18.67
15 17.33 0.00 6.54 0.00 21.05
16 17.50 0.00 5.86 0.00 21.82
frameEnd
frameHead left ak
2083 19 0
0 16.53 0.02 19.54 0.00 11.74
1 13.36 0.00 40.64 0.00 25.95
2 4.65 0.01 -51.83 0.00 20.15
3 17.41 0.02 5.78 0.00 21.82
4 13.22 0.00 41.17 0.00 27.43
5 17.32 0.01 6.41 0.00 21.05
6 15.07 0.02 42.65 0.00 16.83
7 20.16 0.08 47.44 0.00 12.96
8 16.34 0.00 17.93 0.00 17.64
9 3.47 -0.01 23.42 0.00 9.60
10 4.67 0.01 -50.75 0.00 7.82
11 14.86 -0.14 38.16 0.00 22.36
12 3.72 0.00 27.63 0.00 3.80
13 17.12 -0.01 8.03 0.00 18.67
14 4.49 0.00 -52.73 0.00 23.79
15 14.01 0.00 19.29 0.00 21.79
16 14.36 0.00 21.36 0.00 13.68
17 15.45 0.01 46.84 0.00 16.69
18 12.88 0.00 40.83 0.00 22.07
frameEnd
frameHead right bk
11 13 08 765
0 1 1 0 0 0 0
1540 26 0
0 1.44 0.00 -23.77 0.00 34.22
1 1.73 0.00 -20.67 0.00 30.79
2 3.71 0.00 -4.48 0.00 13.19
3 3.96 0.00 -3.10 0.00 9.26
4 5.20 0.00 -42.02 0.00 17.92
5 5.51 0.00 -40.99 0.00 21.61
6 5.70 0.00 -38.92 0.00 22.46
7 6.19 0.00 -35.13 0.00 15.22
8 6.39 0.00 -34.79 0.00 17.55
9 6.69 0.00 -33.76 0.00 14.20
10 7.18 0.00 -31.69 0.00 8.47
11 7.43 0.00 -28.59 0.00 19.97
12 7.69 0.00 -27.90 0.00 23.95
13 7.92 0.00 -27.21 0.00 22.40
14 8.70 0.00 -15.16 0.00 20.56
15 8.91 0.00 -14.81 0.00 20.77
16 9.16 0.00 -18.26 0.00 18.32
17 9.89 0.00 -34.79 0.00 15.59
18 10.15 0.00 -27.90 0.00 16.19
19 11.38 0.00 -26.87 0.00 16.57
20 11.64 -0.01 -29.28 0.00 11.88
21 11.93 0.00 -26.52 0.00 7.89
22 13.37 0.00 -25.49 0.00 11.55
23 13.59 0.00 -25.14 0.00 14.35
24 16.34 0.00 32.72 0.00 14.72
25 16.53 0.00 35.82 0.00 12.92
frameEnd
frameHead right ak
1540 35 0
0 3.73 0.00 -5.05 0.00 13.19
1 6.39 0.00 -34.79 0.00 17.55
2 1.45 0.00 -23.80 0.00 34.22
3 7.69 0.00 -27.79 0.00 23.95
4 16.41 -0.03 32.17 0.00 12.92
5 3.78 0.01 -2.89 0.00 9.26
6 16.31 0.03 33.11 0.00 14.72
7 8.88 0.01 -15.28 0.00 20.77
8 1.73 0.00 -21.32 0.00 30.79
9 8.73 -0.01 -14.96 0.00 20.56
10 13.33 0.03 -26.64 0.00 14.35
11 5.20 0.00 -42.02 0.00 17.92
12 16.37 -0.01 34.10 0.00 12.82
13 6.69 0.00 -33.76 0.00 14.20
14 5.54 0.06 -38.28 0.00 22.46
15 6.23 0.00 -35.02 0.00 15.22
16 13.30 0.02 -25.52 0.00 11.55
17 7.18 0.00 -31.69 0.00 8.47
18 11.92 -0.03 -23.55 0.00 10.76
19 16.79 0.02 33.48 0.00 18.61
20 7.88 -0.01 -27.39 0.00 22.40
21 11.71 -0.03 -26.25 0.00 7.89
22 9.16 0.00 -18.99 0.00 18.32
23 10.21 0.01 -27.94 0.00 16.19
24 5.35 0.01 -41.04 0.00 21.61
25 11.97 0.03 -28.28 0.00 12.67
26 15.11 0.00 55.21 0.00 23.02
27 11.38 0.03 -26.25 0.00 16.57
28 11.79 0.08 -31.37 0.00 7.82
29 11.44 0.02 -30.18 0.00 11.88
30 12.94 -0.06 -25.92 0.00 5.98
31 10.28 -0.03 -34.11 0.00 15.59
32 10.19 -0.05 -31.14 0.00 16.69
33 7.16 0.01 -28.61 0.00 19.97
34 15.25 0.00 57.12 0.00 22.76
frameEnd
frameHead left bk
11 13 08 781
0 1 1 0 0 0 0
2084 12 0
0 4.47 0.00 -51.32 0.00 23.62
1 4.70 0.00 -50.29 0.00 20.15
2 4.95 0.00 -48.22 0.00 6.16
3 12.88 0.00 39.96 0.00 22.19
4 13.20 0.00 40.99 0.00 27.43
5 16.34 0.00 17.91 0.00 16.91
6 16.68 0.00 20.67 0.00 11.36
7 17.09 0.00 7.92 0.00 19.20
8 17.33 0.00 6.89 0.00 21.17
9 17.47 0.00 6.89 0.00 21.71
10 19.87 0.00 38.23 0.00 20.15
11 20.06 0.00 42.02 0.00 17.79
frameEnd
frameHead left ak
2084 16 0
0 16.54 0.02 19.83 0.00 11.36
1 13.34 -0.01 40.59 0.00 22.19
2 4.61 0.00 -51.73 0.00 23.62
3 17.42 0.02 5.90 0.00 21.71
4 13.22 0.00 41.16 0.00 27.43
5 17.32 0.01 6.47 0.00 21.17
6 15.07 0.02 42.66 0.00 16.83
7 20.16 0.10 47.85 0.00 12.96
8 16.34 0.00 17.92 0.00 16.91
9 4.95 0.00 -48.22 0.00 6.16
10 4.68 0.00 -50.55 0.00 20.15
11 14.86 -0.13 37.72 0.00 22.36
12 19.87 0.00 38.23 0.00 20.15
13 17.12 -0.01 7.98 0.00 19.20
14 20.06 0.00 42.02 0.00 17.79
15 12.88 0.00 40.83 0.00 22.07
frameEnd
frameHead left bk
11 13 08 821
0 1 1 0 0 0 0
2085 11 0
0 4.47 0.00 -51.67 0.00 23.47
1 4.70 0.00 -50.63 0.00 19.97
2 12.88 0.00 40.99 0.00 22.11
3 13.37 0.00 40.30 0.00 26.08
4 14.86 0.00 43.40 0.00 16.83
5 15.45 0.00 43.74 0.00 17.10
6 17.09 0.00 7.92 0.00 19.18
7 17.33 0.00 6.54 0.00 20.96
8 17.47 0.00 6.20 0.00 21.25
9 19.86 0.00 39.27 0.00 20.50
10 20.06 0.00 42.02 0.00 18.00
frameEnd
frameHead left ak
2085 16 0
0 16.55 0.02 19.82 0.00 11.36
1 13.35 -0.01 40.56 0.00 26.08
2 4.59 0.00 -51.79 0.00 23.47
3 17.42 0.02 5.91 0.00 21.25
4 13.22 0.00 41.15 0.00 27.43
5 17.32 0.00 6.48 0.00 20.96
6 15.05 0.00 42.76 0.00 16.83
7 20.17 0.11 48.27 0.00 12.96
8 16.34 0.00 17.92 0.00 16.91
9 15.45 0.00 43.74 0.00 17.10
10 4.68 0.00 -50.54 0.00 19.97
11 14.85 -0.11 37.26 0.00 22.36
12 19.86 0.00 39.09 0.00 20.50
13 17.12 -0.01 7.95 0.00 19.18
14 20.06 0.00 42.02 0.00 18.00
15 12.88 0.00 40.85 0.00 22.11
frameEnd
frameHead right bk
11 13 08 834
0 1 1 0 0 0 0
1541 26 0
0 1.44 0.00 -23.77 0.00 34.20
1 1.73 0.00 -21.70 0.00 30.89
2 3.71 0.00 -1.38 0.00 13.57
3 3.96 0.00 -1.03 0.00 10.49
4 4.21 0.00 -0.69 0.00 10.83
5 4.46 0.00 0.34 0.00 10.32
6 5.20 0.00 -40.99 0.00 19.77
7 5.49 0.00 -39.96 0.00 23.19
8 5.70 0.00 -38.92 0.00 23.13
9 6.19 0.00 -35.82 0.00 14.02
10 6.41 0.00 -34.79 0.00 17.21
11 7.00 0.00 -28.93 0.00 9.00
12 7.18 -0.01 -27.90 0.00 9.90
13 7.43 0.00 -27.90 0.00 20.46
14 7.92 0.00 -27.21 0.00 22.66
15 8.20 0.00 -23.08 0.00 20.09
16 8.67 0.00 -15.50 0.00 20.55
17 8.91 0.00 -15.50 0.00 20.54
18 9.16 0.00 -18.26 0.00 17.49
19 11.39 -0.01 -23.77 0.00 15.30
20 11.64 -0.01 -23.42 0.00 11.52
21 13.37 0.00 -26.87 0.00 11.18
22 13.59 0.00 -26.52 0.00 13.85
23 16.10 0.00 32.38 0.00 12.44
24 16.23 0.00 32.72 0.00 14.56
25 16.84 0.00 33.76 0.00 17.43
frameEnd
frameHead right ak
1541 37 0
0 4.21 0.00 -0.69 0.00 10.83
1 3.85 0.01 -2.73 0.00 10.49
2 6.41 0.00 -34.79 0.00 17.21
3 1.45 0.00 -23.80 0.00 34.20
4 7.65 -0.01 -27.84 0.00 20.46
5 16.39 -0.03 32.19 0.00 12.44
6 3.76 0.00 -2.05 0.00 13.57
7 16.31 0.02 33.08 0.00 14.56
8 8.88 0.01 -15.29 0.00 20.54
9 1.73 0.00 -21.34 0.00 30.89
10 8.72 -0.01 -14.97 0.00 20.55
11 13.33 0.03 -26.66 0.00 11.18
12 5.35 0.01 -40.89 0.00 23.19
13 16.37 -0.01 34.07 0.00 12.82
14 6.20 0.00 -35.93 0.00 14.02
15 5.55 0.06 -38.25 0.00 23.13
16 13.32 0.03 -25.61 0.00 13.85
17 7.00 0.00 -28.94 0.00 9.00
18 11.89 -0.04 -23.45 0.00 11.52
19 16.79 0.02 33.61 0.00 17.43
20 7.88 -0.01 -27.33 0.00 22.66
21 11.68 -0.04 -25.73 0.00 15.30
22 9.16 0.00 -18.87 0.00 17.49
23 4.46 0.00 0.34 0.00 10.32
24 10.21 0.01 -27.94 0.00 16.19
25 5.33 0.00 -41.01 0.00 19.77
26 11.97 0.03 -28.34 0.00 12.67
27 8.20 0.00 -23.08 0.00 20.09
28 15.11 0.00 55.20 0.00 23.02
29 11.38 0.02 -26.26 0.00 16.57
30 11.79 0.08 -31.73 0.00 7.82
31 11.44 0.03 -30.16 0.00 11.88
32 12.94 -0.05 -25.92 0.00 5.98
33 10.27 -0.02 -34.56 0.00 15.59
34 10.18 -0.05 -31.35 0.00 16.69
35 7.16 -0.01 -28.06 0.00 9.90
36 15.25 0.00 57.10 0.00 22.76
frameEnd
frameHead left bk
11 13 08 875
0 1 1 0 0 0 0
2086 14 0
0 3.47 0.01 25.83 0.00 9.06
1 3.70 0.00 32.38 0.00 3.60
2 4.47 0.00 -51.67 0.00 23.50
3 4.70 0.00 -49.60 0.00 19.93
4 13.22 0.00 41.33 0.00 27.47
5 13.37 0.00 41.33 0.00 25.83
6 14.86 0.00 41.68 0.00 15.71
7 15.43 0.00 42.02 0.00 15.80
8 16.34 0.00 18.26 0.00 17.25
9 16.67 0.00 18.26 0.00 12.42
10 17.09 0.00 7.92 0.00 18.95
11 17.33 0.00 6.20 0.00 20.79
12 22.72 -0.01 -14.12 0.00 9.84
13 23.03 0.00 -14.81 0.00 4.14
frameEnd
frameHead left ak
2086 18 0
0 16.56 0.02 19.37 0.00 12.42
1 13.35 -0.01 40.61 0.00 25.83
2 4.57 0.00 -51.82 0.00 23.50
3 17.42 0.02 5.88 0.00 21.25
4 13.22 0.00 41.16 0.00 27.47
5 17.33 0.00 6.45 0.00 20.79
6 15.08 0.02 42.70 0.00 15.80
7 20.18 0.13 48.70 0.00 12.96
8 16.34 0.00 18.03 0.00 17.25
9 14.87 0.00 41.83 0.00 15.71
10 4.68 0.00 -50.16 0.00 19.93
11 14.85 -0.09 36.79 0.00 22.36
12 3.47 0.01 25.83 0.00 9.06
13 17.11 -0.01 7.91 0.00 18.95
14 3.70 0.00 32.38 0.00 3.60
15 22.72 -0.01 -14.12 0.00 9.84
16 23.03 0.00 -14.81 0.00 4.14
17 12.88 0.00 40.85 0.00 22.11
frameEnd
frameHead right bk
11 13 08 908
0 1 1 0 0 0 0
1542 34 0
0 1.44 0.00 -23.77 0.00 34.41
1 1.73 0.00 -21.01 0.00 30.75
2 3.71 0.00 -3.44 0.00 13.19
3 3.96 0.00 -2.07 0.00 8.96
4 4.21 0.01 0.00 0.00 8.82
5 4.95 0.00 -40.99 0.00 14.26
6 5.20 0.00 -41.68 0.00 19.00
7 5.49 0.00 -40.64 0.00 22.44
8 6.05 0.00 -39.61 0.00 15.79
9 6.19 0.00 -36.51 0.00 14.59
10 6.41 0.00 -35.48 0.00 17.36
11 6.93 0.00 -30.66 0.00 10.99
12 7.06 0.01 -32.38 0.00 9.14
13 7.43 0.00 -28.59 0.00 19.51
14 7.92 0.00 -27.21 0.00 22.32
15 8.20 0.00 -22.39 0.00 19.65
16 8.68 0.00 -15.16 0.00 20.51
17 8.91 0.00 -14.81 0.00 20.84
18 9.16 0.00 -17.91 0.00 18.33
19 9.86 0.00 -32.72 0.00 15.76
20 10.15 0.00 -27.90 0.00 16.13
21 11.38 0.00 -24.46 0.00 17.03
22 11.64 0.00 -24.80 0.00 13.15
23 12.38 0.00 -32.72 0.00 2.03
24 12.97 0.02 -27.90 0.00 5.77
25 13.59 0.00 -26.18 0.00 14.96
26 13.87 0.01 -23.77 0.00 11.26
27 15.10 0.00 55.80 0.00 22.77
28 15.26 0.00 58.90 0.00 22.47
29 16.10 0.00 33.76 0.00 13.36
30 16.28 0.00 34.44 0.00 16.10
31 16.54 0.00 37.54 0.00 13.37
32 17.09 0.00 30.31 0.00 21.74
33 17.33 0.00 29.28 0.00 17.45
frameEnd
frameHead right ak
1542 39 0
0 5.20 0.00 -41.68 0.00 19.00
1 3.89 0.01 -2.23 0.00 8.96
2 6.30 0.00 -35.74 0.00 14.59
3 1.45 0.00 -23.79 0.00 34.41
4 16.42 -0.02 32.11 0.00 21.74
5 3.76 0.00 -2.58 0.00 13.19
6 16.30 0.02 33.14 0.00 13.36
7 8.88 0.01 -15.27 0.00 20.84
8 1.73 0.00 -21.33 0.00 30.75
9 8.72 -0.01 -14.97 0.00 20.51
10 13.35 0.04 -26.60 0.00 14.96
11 5.40 0.01 -40.64 0.00 22.44
12 16.36 -0.01 34.10 0.00 16.10
13 6.30 0.00 -35.73 0.00 17.36
14 5.58 0.07 -38.36 0.00 15.79
15 6.93 0.00 -30.66 0.00 10.99
16 13.36 0.05 -25.47 0.00 11.26
17 7.22 0.01 -28.62 0.00 19.51
18 11.85 -0.06 -23.52 0.00 17.03
19 16.79 0.02 33.69 0.00 17.43
20 7.89 0.00 -27.28 0.00 22.32
21 11.68 -0.03 -25.45 0.00 13.15
22 9.16 0.00 -18.70 0.00 18.33
23 4.21 0.01 -0.02 0.00 8.82
24 10.21 0.01 -27.93 0.00 16.13
25 5.28 -0.01 -41.00 0.00 14.26
26 12.05 0.07 -28.32 0.00 5.77
27 8.20 0.00 -22.41 0.00 19.65
28 15.11 0.00 55.25 0.00 22.77
29 11.38 0.02 -26.26 0.00 16.57
30 11.87 0.11 -32.09 0.00 2.03
31 7.06 0.01 -32.38 0.00 9.14
32 11.44 0.03 -30.14 0.00 11.88
33 12.94 -0.05 -25.92 0.00 5.98
34 10.27 -0.02 -35.05 0.00 15.59
35 10.13 -0.05 -32.41 0.00 15.76
36 16.54 0.00 37.54 0.00 13.37
37 17.33 0.00 29.28 0.00 17.45
38 15.25 0.00 57.22 0.00 22.47
frameEnd
frameHead left bk
11 13 08 922
0 1 1 0 0 0 0
2087 10 0
0 4.47 0.00 -50.98 0.00 23.39
1 4.70 0.00 -49.94 0.00 19.91
2 13.20 0.00 40.30 0.00 27.70
3 13.37 0.00 40.64 0.00 26.23
4 13.70 0.00 37.54 0.00 19.96
5 17.09 0.00 8.27 0.00 18.94
6 17.33 0.00 6.89 0.00 20.67
7 17.49 0.00 5.86 0.00 21.34
8 19.56 0.00 36.51 0.00 15.89
9 19.86 0.00 37.54 0.00 20.35
frameEnd
frameHead left ak
2087 15 0
0 16.56 0.02 19.31 0.00 12.42
1 13.35 -0.01 40.61 0.00 26.23
2 4.56 0.00 -51.55 0.00 23.39
3 17.43 0.02 5.85 0.00 21.34
4 13.22 0.00 41.16 0.00 27.47
5 17.33 0.00 6.51 0.00 20.67
6 15.08 0.02 42.71 0.00 15.80
7 20.18 0.15 49.15 0.00 12.96
8 16.34 0.00 18.04 0.00 17.25
9 19.56 0.00 36.51 0.00 15.89
10 4.69 0.00 -50.01 0.00 19.91
11 14.73 -0.12 36.00 0.00 19.96
12 19.86 0.00 37.54 0.00 20.35
13 17.11 -0.01 7.95 0.00 18.94
14 12.90 0.01 40.80 0.00 27.70
frameEnd
frameHead left bk
11 13 08 973
0 1 1 0 0 0 0
2088 10 0
0 4.49 0.00 -51.67 0.00 23.48
1 4.70 0.00 -50.29 0.00 19.76
2 4.95 0.01 -46.84 0.00 7.00
3 12.88 0.00 40.30 0.00 22.21
4 13.22 0.00 40.99 0.00 27.58
5 13.37 0.00 40.30 0.00 26.00
6 17.49 0.00 4.48 0.00 21.61
7 17.83 0.00 4.13 0.00 17.33
8 19.86 0.00 38.23 0.00 20.06
9 20.06 0.00 39.61 0.00 18.03
frameEnd
frameHead left ak
2088 16 0
0 16.56 0.02 19.26 0.00 12.42
1 13.35 -0.01 40.59 0.00 26.00
2 4.55 0.00 -51.62 0.00 23.48
3 17.43 0.02 5.65 0.00 21.61
4 13.22 0.00 41.14 0.00 27.58
5 17.34 0.01 6.20 0.00 17.33
6 15.08 0.01 42.72 0.00 15.80
7 20.19 0.18 49.61 0.00 12.96
8 16.34 0.00 18.05 0.00 17.25
9 20.07 0.00 39.03 0.00 18.03
10 4.69 0.00 -50.01 0.00 19.76
11 14.56 -0.16 36.00 0.00 22.21
12 19.86 0.00 38.12 0.00 20.06
13 17.11 -0.01 7.92 0.00 18.94
14 4.95 0.01 -46.84 0.00 7.00
15 12.90 0.01 40.80 0.00 27.70
frameEnd
frameHead right bk
11 13 08 974
0 1 1 0 0 0 0
1543 30 0
0 1.44 0.00 -23.77 0.00 34.01
1 1.73 0.00 -21.36 0.00 30.68
2 3.71 -0.01 -1.72 0.00 14.14
3 3.96 -0.01 -1.03 0.00 10.57
4 4.21 -0.01 1.03 0.00 10.10
5 5.20 0.00 -43.40 0.00 18.77
6 5.49 0.00 -41.68 0.00 22.18
7 5.70 0.00 -39.96 0.00 22.25
8 6.19 0.00 -38.23 0.00 14.43
9 6.39 0.00 -35.82 0.00 17.10
10 6.93 0.00 -31.69 0.00 11.05
11 7.06 0.00 -31.69 0.00 9.17
12 7.43 0.00 -28.24 0.00 20.10
13 7.92 0.00 -26.87 0.00 22.47
14 8.20 0.00 -22.73 0.00 19.86
15 8.67 0.00 -15.16 0.00 20.44
16 8.91 0.00 -14.81 0.00 20.52
17 9.16 0.00 -18.60 0.00 17.84
18 9.90 0.00 -34.79 0.00 16.63
19 10.15 0.00 -29.28 0.00 16.32
20 10.90 0.00 -33.41 0.00 6.63
21 11.14 0.00 -25.83 0.00 6.19
22 11.64 0.00 -23.08 0.00 13.78
23 11.98 0.01 -26.18 0.00 9.37
24 12.07 0.01 -26.52 0.00 9.75
25 13.37 0.00 -26.52 0.00 10.63
26 13.59 0.00 -24.80 0.00 13.30
27 16.10 0.00 33.07 0.00 12.10
28 16.25 0.00 32.72 0.00 14.79
29 16.51 0.00 34.44 0.00 12.07
frameEnd
frameHead right ak
1543 36 0
0 5.49 0.00 -41.68 0.00 22.18
1 3.84 0.00 -1.77 0.00 14.14
2 6.33 0.00 -35.88 0.00 17.10
3 1.45 0.00 -23.79 0.00 34.01
4 5.20 0.00 -43.40 0.00 18.77
5 16.41 -0.02 32.14 0.00 14.79
6 3.79 0.00 -1.78 0.00 10.57
7 16.29 0.01 33.14 0.00 12.10
8 8.88 0.01 -15.25 0.00 20.52
9 1.73 0.00 -21.33 0.00 30.68
10 8.72 -0.01 -14.97 0.00 20.44
11 13.36 0.03 -26.59 0.00 10.63
12 5.47 0.01 -40.12 0.00 22.25
13 16.38 -0.01 34.11 0.00 12.07
14 5.61 0.08 -38.19 0.00 14.43
15 6.93 0.00 -31.66 0.00 11.05
16 13.38 0.05 -25.42 0.00 13.30
17 7.29 0.00 -28.39 0.00 20.10
18 11.83 -0.06 -23.40 0.00 13.78
19 16.79 0.03 33.80 0.00 17.43
20 7.89 0.00 -27.12 0.00 22.47
21 11.70 -0.02 -25.38 0.00 9.37
22 9.16 0.00 -18.68 0.00 17.84
23 4.21 0.00 0.66 0.00 10.10
24 10.20 0.01 -28.04 0.00 16.32
25 12.06 0.07 -28.19 0.00 9.75
26 8.20 0.00 -22.58 0.00 19.86
27 15.11 0.00 55.25 0.00 22.77
28 11.36 0.00 -26.25 0.00 6.19
29 11.88 0.11 -32.48 0.00 2.03
30 7.06 0.00 -31.71 0.00 9.17
31 11.44 0.04 -30.11 0.00 11.88
32 12.93 -0.05 -25.92 0.00 5.98
33 10.22 -0.04 -35.16 0.00 16.63
34 10.25 0.03 -33.22 0.00 6.63
35 15.25 0.00 57.20 0.00 22.47
frameEnd
frameHead left bk
11 13 09 025
0 1 1 0 0 0 0
2089 13 0
0 4.47 0.00 -51.67 0.00 23.19
1 4.70 0.00 -51.32 0.00 19.74
2 4.95 0.00 -55.11 0.00 6.77
3 13.22 0.00 42.02 0.00 27.61
4 13.37 0.00 40.64 0.00 25.94
5 14.86 0.00 46.16 0.00 15.66
6 15.41 0.00 45.81 0.00 16.17
7 17.09 0.00 8.27 0.00 18.36
8 17.33 0.00 6.20 0.00 20.15
9 19.87 0.00 35.82 0.00 20.55
10 20.06 0.00 38.92 0.00 18.02
11 26.02 -0.03 34.79 0.00 3.45
12 26.20 -0.01 35.82 0.00 4.77
frameEnd
frameHead left ak
2089 18 0
0 16.56 0.02 19.20 0.00 12.42
1 13.35 0.00 40.59 0.00 25.94
2 4.54 0.00 -51.66 0.00 23.19
3 17.43 0.02 5.60 0.00 21.61
4 13.22 0.00 41.21 0.00 27.61
5 17.34 0.01 6.19 0.00 20.15
6 15.11 0.03 43.28 0.00 16.17
7 16.34 0.00 18.06 0.00 17.25
8 20.07 0.00 38.97 0.00 18.02
9 4.69 0.00 -50.37 0.00 19.74
10 14.55 -0.13 35.43 0.00 22.21
11 19.87 0.00 37.07 0.00 20.55
12 17.11 -0.01 7.97 0.00 18.36
13 4.95 0.00 -55.11 0.00 6.77
14 14.86 0.00 46.16 0.00 15.66
15 26.02 -0.03 34.79 0.00 3.45
16 26.20 -0.01 35.82 0.00 4.77
17 12.90 0.01 40.80 0.00 27.70
frameEnd
frameHead right bk
11 13 09 044
0 1 1 0 0 0 0
1544 29 0
0 1.44 0.00 -23.77 0.00 34.51
1 1.73 0.00 -21.36 0.00 30.95
2 3.71 0.00 -1.38 0.00 14.04
3 3.96 0.00 -1.38 0.00 10.57
4 4.21 0.00 -1.03 0.00 10.50
5 4.53 0.00 0.69 0.00 10.20
6 5.20 0.00 -41.33 0.00 18.40
7 5.49 0.00 -40.99 0.00 22.09
8 5.70 0.00 -39.61 0.00 22.08
9 6.19 0.00 -37.89 0.00 14.38
10 6.38 0.00 -35.82 0.00 17.14
11 6.93 -0.01 -27.21 0.00 12.46
12 7.06 -0.01 -28.93 0.00 11.15
13 7.69 0.00 -27.56 0.00 23.87
14 7.92 0.00 -26.87 0.00 22.55
15 8.65 0.00 -14.81 0.00 20.25
16 8.91 0.00 -15.16 0.00 20.35
17 9.16 0.00 -17.91 0.00 17.85
18 9.90 0.00 -32.72 0.00 17.08
19 10.03 0.00 -27.21 0.00 18.51
20 11.64 -0.01 -25.14 0.00 12.37
21 11.95 0.00 -25.14 0.00 9.84
22 12.09 0.00 -25.49 0.00 10.32
23 12.89 -0.01 -25.14 0.00 8.65
24 13.37 0.00 -27.90 0.00 9.59
25 15.10 0.00 55.46 0.00 23.01
26 15.24 0.00 58.21 0.00 22.30
27 16.10 0.00 33.76 0.00 12.17
28 16.22 0.00 33.41 0.00 14.31
frameEnd
frameHead right ak
1544 36 0
0 5.35 0.00 -41.49 0.00 18.40
1 3.87 0.00 -1.36 0.00 10.57
2 6.34 0.00 -35.93 0.00 17.14
3 1.45 0.00 -23.78 0.00 34.51
4 5.50 0.00 -41.15 0.00 22.09
5 16.41 -0.02 32.15 0.00 14.79
6 3.78 0.00 -1.45 0.00 14.04
7 16.28 0.01 33.17 0.00 14.31
8 8.89 0.01 -15.25 0.00 20.35
9 1.73 0.00 -21.33 0.00 30.95
10 8.72 -0.01 -14.96 0.00 20.25
11 13.36 0.03 -26.67 0.00 9.59
12 5.52 0.01 -39.69 0.00 22.08
13 16.35 -0.02 34.06 0.00 12.17
14 4.21 0.00 -1.03 0.00 10.50
15 5.64 0.09 -38.02 0.00 14.38
16 6.93 -0.01 -27.21 0.00 12.46
17 13.34 0.03 -25.43 0.00 8.65
18 7.23 -0.01 -28.61 0.00 11.15
19 11.84 -0.05 -23.62 0.00 9.84
20 16.80 0.03 33.88 0.00 17.43
21 7.89 0.00 -27.00 0.00 22.55
22 11.70 -0.02 -25.21 0.00 12.37
23 9.16 0.00 -18.53 0.00 17.85
24 4.32 0.00 0.79 0.00 10.20
25 10.19 0.00 -27.96 0.00 18.51
26 7.69 0.00 -27.56 0.00 23.87
27 12.06 0.07 -27.96 0.00 10.32
28 15.11 0.00 55.27 0.00 23.01
29 11.36 0.00 -26.26 0.00 6.19
30 11.89 0.12 -32.80 0.00 2.03
31 11.45 0.05 -30.09 0.00 11.88
32 12.93 -0.05 -25.92 0.00 5.98
33 10.22 -0.03 -35.65 0.00 16.63
34 10.20 0.01 -33.22 0.00 17.08
35 15.25 0.00 57.25 0.00 22.30
frameEnd
frameHead left bk
11 13 09 070
0 1 1 0 0 0 0
2090 15 0
0 3.47 -0.01 27.90 0.00 10.25
1 3.70 -0.01 33.41 0.00 5.56
2 4.47 0.00 -50.98 0.00 23.07
3 4.70 0.00 -51.67 0.00 19.12
4 4.95 -0.02 -59.24 0.00 5.15
5 13.22 0.00 41.33 0.00 27.37
6 13.37 0.00 40.64 0.00 25.70
7 16.33 0.00 18.26 0.00 18.19
8 16.68 0.00 20.67 0.00 12.01
9 17.09 0.00 7.92 0.00 19.06
10 17.33 0.00 6.20 0.00 20.95
11 17.83 0.00 3.10 0.00 17.15
12 18.32 -0.01 6.20 0.00 4.42
13 22.77 0.01 -16.53 0.00 7.00
14 23.03 0.00 -18.94 0.00 2.28
frameEnd
frameHead left ak
2090 18 0
0 16.57 0.02 19.73 0.00 12.01
1 13.35 0.00 40.59 0.00 25.70
2 4.56 0.00 -51.68 0.00 19.12
3 17.48 0.05 5.73 0.00 4.42
4 13.22 0.00 41.21 0.00 27.37
5 17.34 0.01 6.18 0.00 20.95
6 15.11 0.03 43.31 0.00 16.17
7 3.47 -0.01 27.90 0.00 10.25
8 16.34 0.00 18.16 0.00 18.19
9 3.70 -0.01 33.41 0.00 5.56
10 4.67 0.00 -50.54 0.00 23.07
11 14.55 -0.09 34.84 0.00 22.21
12 17.83 0.00 3.10 0.00 17.15
13 17.11 -0.01 7.94 0.00 19.06
14 4.97 -0.02 -59.19 0.00 5.15
15 22.77 0.01 -16.53 0.00 7.00
16 23.03 0.00 -18.94 0.00 2.28
17 12.90 0.01 40.80 0.00 27.70
frameEnd
frameHead right bk
11 13 09 112
0 1 1 0 0 0 0
1545 31 0
0 1.44 0.00 -24.46 0.00 34.56
1 1.73 0.00 -21.70 0.00 31.05
2 3.71 0.00 -1.72 0.00 13.48
3 3.96 0.00 -1.38 0.00 10.91
4 4.21 0.00 0.00 0.00 11.45
5 4.46 0.00 0.34 0.00 10.59
6 4.95 0.00 -41.68 0.00 14.38
7 5.20 0.00 -42.71 0.00 18.84
8 5.70 0.00 -38.58 0.00 22.12
9 6.05 0.00 -39.96 0.00 15.15
10 6.19 0.00 -37.54 0.00 14.25
11 6.69 -0.01 -34.44 0.00 12.62
12 6.96 0.00 -31.69 0.00 9.82
13 7.18 0.00 -29.97 0.00 10.37
14 7.69 0.00 -27.90 0.00 24.23
15 7.92 0.00 -26.87 0.00 22.66
16 8.68 0.00 -14.47 0.00 18.80
17 8.91 0.00 -14.81 0.00 17.46
18 9.16 0.00 -18.60 0.00 15.52
19 10.40 0.00 -26.18 0.00 13.41
20 10.90 0.00 -29.28 0.00 7.21
21 11.41 0.00 -27.21 0.00 17.51
22 11.64 0.00 -26.87 0.00 14.19
23 11.89 0.02 -27.21 0.00 10.33
24 13.37 0.00 -26.18 0.00 9.63
25 13.59 0.00 -25.83 0.00 13.45
26 15.10 0.00 55.11 0.00 22.53
27 15.26 0.00 57.87 0.00 21.98
28 16.10 0.00 32.72 0.00 11.56
29 16.25 0.00 31.69 0.00 14.63
30 16.50 0.00 33.07 0.00 13.52
frameEnd
frameHead right ak
1545 38 0
0 5.22 -0.01 -41.58 0.00 14.38
1 3.84 0.00 -1.31 0.00 13.48
2 6.31 0.00 -36.77 0.00 14.25
3 1.45 0.00 -23.81 0.00 34.56
4 5.77 0.01 -40.46 0.00 15.15
5 16.40 -0.02 32.13 0.00 14.63
6 3.80 0.00 -1.24 0.00 10.91
7 16.30 0.02 33.16 0.00 13.52
8 8.88 0.01 -15.22 0.00 18.80
9 1.73 0.00 -21.35 0.00 31.05
10 8.72 -0.01 -14.95 0.00 17.46
11 13.36 0.03 -26.64 0.00 9.63
12 16.33 -0.03 33.91 0.00 11.56
13 4.21 0.00 0.00 0.00 11.45
14 5.64 0.09 -37.99 0.00 22.12
15 5.20 0.00 -42.71 0.00 18.84
16 13.36 0.04 -25.46 0.00 13.45
17 7.22 0.00 -29.22 0.00 10.37
18 11.74 -0.09 -23.83 0.00 13.41
19 16.80 0.03 33.97 0.00 17.43
20 7.89 0.00 -26.91 0.00 22.66
21 11.70 -0.01 -25.06 0.00 12.37
22 9.16 0.00 -18.53 0.00 15.52
23 4.35 0.00 0.64 0.00 10.59
24 10.19 0.00 -27.96 0.00 18.51
25 7.69 0.00 -27.89 0.00 24.23
26 12.05 0.06 -27.94 0.00 10.33
27 6.69 -0.01 -34.44 0.00 12.62
28 15.11 0.00 55.26 0.00 22.53
29 11.38 0.01 -26.30 0.00 14.19
30 11.90 0.12 -33.14 0.00 2.03
31 6.96 0.00 -31.69 0.00 9.82
32 11.39 0.01 -30.12 0.00 7.21
33 12.93 -0.04 -25.92 0.00 5.98
34 10.22 -0.02 -36.18 0.00 16.63
35 10.21 0.01 -33.58 0.00 17.08
36 11.41 0.00 -27.21 0.00 17.51
37 15.25 0.00 57.28 0.00 21.98
frameEnd
frameHead left bk
11 13 09 127
0 1 1 0 0 0 0
2091 12 0
0 4.49 0.00 -50.98 0.00 23.61
1 4.70 0.00 -50.63 0.00 20.53
2 13.20 0.00 41.33 0.00 27.62
3 13.37 0.00 40.30 0.00 26.06
4 14.86 0.00 40.99 0.00 17.28
5 15.43 0.00 41.33 0.00 16.67
6 17.09 0.00 7.58 0.00 18.31
7 17.33 0.00 6.20 0.00 20.67
8 17.83 0.00 3.79 0.00 16.77
9 18.32 0.00 4.82 0.00 3.79
10 20.85 0.00 -3.44 0.00 7.56
11 21.13 -0.01 -4.13 0.00 5.94
frameEnd
frameHead left ak
2091 16 0
0 16.57 0.02 19.73 0.00 12.01
1 13.35 0.00 40.57 0.00 26.06
2 4.55 0.00 -51.46 0.00 23.61
3 17.53 0.07 5.68 0.00 3.79
4 13.22 0.00 41.22 0.00 27.62
5 17.34 0.00 6.18 0.00 20.67
6 15.13 0.04 43.05 0.00 16.67
7 14.86 0.00 40.99 0.00 17.28
8 16.34 0.00 18.18 0.00 18.19
9 20.85 0.00 -3.44 0.00 7.56
10 4.67 0.00 -50.59 0.00 20.53
11 14.54 -0.05 34.24 0.00 22.21
12 17.83 0.00 3.69 0.00 16.77
13 17.11 -0.01 7.85 0.00 18.31
14 21.13 -0.01 -4.13 0.00 5.94
15 12.90 0.01 40.80 0.00 27.70
frameEnd
frameHead left bk
11 13 09 165
0 1 1 0 0 0 0
2092 7 0
0 4.47 0.00 -51.67 0.00 23.55
1 4.70 0.00 -50.63 0.00 20.25
2 12.88 0.00 40.99 0.00 22.10
3 13.20 0.00 41.33 0.00 27.36
4 13.37 0.00 40.64 0.00 25.59
5 17.19 0.00 8.96 0.00 18.86
6 17.23 0.00 7.23 0.00 20.27
frameEnd
frameHead left ak
2092 12 0
0 16.58 0.02 19.73 0.00 12.01
1 13.35 0.00 40.57 0.00 25.59
2 4.55 0.00 -51.52 0.00 23.55
3 17.52 0.05 5.99 0.00 18.86
4 13.22 0.00 41.23 0.00 27.36
5 17.34 0.00 6.17 0.00 20.67
6 15.13 0.04 43.08 0.00 16.67
7 16.34 0.00 18.20 0.00 18.19
8 4.68 0.00 -50.62 0.00 20.25
9 14.54 -0.01 33.61 0.00 22.21
10 17.11 0.00 7.71 0.00 20.27
11 12.90 0.01 40.82 0.00 22.10
frameEnd
frameHead right bk
11 13 09 181
0 1 1 0 0 0 0
1546 30 0
0 1.44 0.00 -23.77 0.00 34.50
1 1.73 0.00 -21.70 0.00 30.80
2 3.71 0.00 -3.10 0.00 14.33
3 3.96 0.00 -2.07 0.00 10.73
4 4.21 0.00 -0.34 0.00 10.07
5 4.95 0.00 -41.68 0.00 13.83
6 5.20 0.00 -43.40 0.00 18.74
7 5.49 0.00 -41.68 0.00 22.13
8 6.05 0.00 -41.68 0.00 15.42
9 6.19 0.00 -35.13 0.00 14.27
10 6.38 0.00 -34.79 0.00 16.34
11 6.93 -0.01 -31.34 0.00 10.34
12 7.18 -0.01 -29.62 0.00 10.32
13 7.68 0.00 -27.90 0.00 23.80
14 7.92 0.00 -27.21 0.00 22.22
15 8.67 0.00 -14.12 0.00 20.31
16 8.91 0.00 -14.81 0.00 20.46
17 9.16 0.00 -17.91 0.00 17.70
18 9.98 0.00 -31.34 0.00 17.26
19 10.15 0.00 -27.21 0.00 18.45
20 11.42 0.00 -26.18 0.00 17.13
21 11.64 0.00 -25.14 0.00 14.38
22 12.23 -0.01 -25.49 0.00 7.96
23 12.38 0.01 -25.83 0.00 5.03
24 12.88 -0.01 -23.08 0.00 4.47
25 15.10 0.00 56.14 0.00 22.83
26 15.24 0.00 59.24 0.00 22.26
27 16.30 0.00 32.38 0.00 14.66
28 16.50 0.01 34.79 0.00 13.84
29 16.84 0.00 31.69 0.00 18.91
frameEnd
frameHead right ak
1546 37 0
0 5.15 -0.01 -41.63 0.00 13.83
1 6.29 0.00 -36.19 0.00 14.27
2 1.45 0.00 -23.80 0.00 34.50
3 5.87 0.01 -40.91 0.00 15.42
4 16.40 -0.03 32.15 0.00 14.66
5 3.82 0.01 -1.42 0.00 10.73
6 16.30 0.02 33.17 0.00 13.52
7 8.87 0.00 -15.17 0.00 20.31
8 1.73 0.00 -21.37 0.00 30.80
9 8.73 -0.01 -14.95 0.00 20.46
10 13.28 -0.01 -26.64 0.00 7.96
11 3.71 0.00 -3.10 0.00 14.33
12 16.33 -0.03 33.88 0.00 11.56
13 4.21 0.00 -0.34 0.00 10.07
14 5.20 0.00 -43.39 0.00 18.74
15 13.36 0.04 -25.47 0.00 13.45
16 7.21 -0.01 -29.46 0.00 10.32
17 11.82 -0.05 -23.85 0.00 4.47
18 16.75 0.00 34.51 0.00 13.84
19 7.90 0.00 -26.95 0.00 22.22
20 11.69 -0.01 -24.92 0.00 14.38
21 9.16 0.00 -18.40 0.00 17.70
22 10.19 0.00 -27.88 0.00 18.45
23 7.68 0.00 -27.90 0.00 23.80
24 12.05 0.06 -27.99 0.00 10.33
25 6.38 0.00 -34.80 0.00 16.34
26 15.11 0.00 55.33 0.00 22.83
27 11.39 0.01 -26.30 0.00 17.13
28 11.91 0.13 -33.49 0.00 2.03
29 6.93 -0.01 -31.35 0.00 10.34
30 11.25 -0.07 -30.38 0.00 17.26
31 12.82 -0.10 -25.79 0.00 5.03
32 10.21 -0.01 -36.74 0.00 16.63
33 10.21 0.02 -33.97 0.00 17.08
34 5.49 0.00 -41.68 0.00 22.13
35 16.84 0.00 31.69 0.00 18.91
36 15.25 0.00 57.40 0.00 22.26
frameEnd
frameHead left bk
11 13 09 225
0 1 1 0 0 0 0
2093 13 0
0 4.47 0.00 -50.98 0.00 23.21
1 4.70 0.00 -50.29 0.00 19.20
2 12.88 0.00 40.99 0.00 22.18
3 13.20 0.00 42.02 0.00 27.26
4 13.37 0.00 41.33 0.00 25.68
5 17.19 0.00 7.92 0.00 18.52
6 17.23 0.00 5.86 0.00 19.86
7 19.87 0.00 39.61 0.00 20.41
8 20.06 0.00 43.40 0.00 18.14
9 22.72 0.00 -9.99 0.00 10.28
10 23.03 -0.01 -11.37 0.00 5.29
11 25.32 0.01 -2.41 0.00 9.96
12 25.50 0.00 -3.44 0.00 9.22
frameEnd
frameHead left ak
2093 18 0
0 16.58 0.02 19.73 0.00 12.01
1 13.35 0.00 40.57 0.00 25.59
2 4.54 0.00 -51.33 0.00 23.21
3 17.52 0.05 5.97 0.00 18.86
4 13.22 0.00 41.24 0.00 25.68
5 17.34 0.00 6.13 0.00 19.86
6 14.99 -0.06 42.73 0.00 27.26
7 19.87 0.00 39.61 0.00 20.41
8 16.34 0.00 18.23 0.00 18.19
9 20.06 0.00 43.40 0.00 18.14
10 4.68 0.00 -50.54 0.00 19.20
11 14.54 0.03 32.98 0.00 22.21
12 22.72 0.00 -9.99 0.00 10.28
13 17.12 0.00 7.72 0.00 18.52
14 23.03 -0.01 -11.37 0.00 5.29
15 25.32 0.01 -2.41 0.00 9.96
16 25.50 0.00 -3.44 0.00 9.22
17 12.90 0.01 40.84 0.00 22.18
frameEnd
frameHead right bk
11 13 09 244
0 1 1 0 0 0 0
1547 24 0
0 1.44 0.00 -24.46 0.00 34.07
1 1.73 0.00 -21.70 0.00 30.81
2 3.71 0.00 -3.44 0.00 13.94
3 3.96 -0.01 -2.07 0.00 9.83
4 4.21 0.00 0.00 0.00 9.74
5 4.95 0.00 -40.64 0.00 15.06
6 5.20 0.00 -41.68 0.00 18.96
7 5.48 0.00 -41.33 0.00 22.09
8 5.70 0.00 -39.27 0.00 22.32
9 6.19 0.00 -36.51 0.00 13.77
10 6.36 0.00 -35.82 0.00 15.45
11 6.90 0.00 -28.24 0.00 10.44
12 7.18 0.00 -28.93 0.00 9.85
13 7.69 0.00 -27.56 0.00 24.10
14 7.92 0.00 -26.52 0.00 22.49
15 8.70 0.00 -14.47 0.00 19.71
16 8.91 0.00 -15.50 0.00 19.89
17 9.16 0.00 -18.94 0.00 17.89
18 10.00 0.00 -33.76 0.00 16.31
19 10.15 0.00 -27.56 0.00 17.85
20 11.44 0.00 -27.21 0.00 17.83
21 11.64 -0.01 -27.21 0.00 15.11
22 16.50 0.00 37.20 0.00 14.14
23 16.84 0.00 32.03 0.00 18.50
frameEnd
frameHead right ak
1547 37 0
0 5.16 0.00 -41.67 0.00 18.96
1 4.95 0.00 -40.64 0.00 15.06
2 6.28 0.00 -36.39 0.00 13.77
3 1.45 0.00 -23.82 0.00 34.07
4 16.40 -0.03 32.15 0.00 14.66
5 3.83 0.01 -1.59 0.00 9.83
6 16.30 0.02 33.17 0.00 13.52
7 8.87 0.00 -15.18 0.00 19.89
8 1.73 0.00 -21.38 0.00 30.81
9 8.73 -0.01 -14.93 0.00 19.71
10 13.28 -0.01 -26.64 0.00 7.96
11 3.71 0.00 -3.44 0.00 13.94
12 16.33 -0.02 33.85 0.00 11.56
13 4.21 0.00 -0.14 0.00 9.74
14 5.70 0.00 -39.27 0.00 22.32
15 13.37 0.04 -25.48 0.00 13.45
16 7.21 -0.01 -29.37 0.00 9.85
17 11.81 -0.05 -23.84 0.00 4.47
18 16.72 -0.01 35.58 0.00 14.14
19 7.90 0.00 -26.77 0.00 22.49
20 11.69 -0.01 -24.76 0.00 14.38
21 9.16 0.00 -18.48 0.00 17.89
22 10.19 0.00 -27.85 0.00 17.85
23 7.69 0.00 -27.74 0.00 24.10
24 12.02 0.04 -27.98 0.00 15.11
25 6.37 0.00 -35.37 0.00 15.45
26 15.11 0.00 55.33 0.00 22.83
27 11.39 0.01 -26.38 0.00 17.83
28 11.91 0.13 -33.82 0.00 2.03
29 6.92 0.01 -29.68 0.00 10.44
30 11.25 -0.07 -30.38 0.00 17.26
31 12.82 -0.10 -25.78 0.00 5.03
32 10.21 0.00 -37.28 0.00 16.63
33 10.18 0.00 -34.06 0.00 16.31
34 5.48 0.00 -41.34 0.00 22.09
35 16.84 0.00 31.99 0.00 18.50
36 15.25 0.00 57.39 0.00 22.26
frameEnd
frameHead left bk
11 13 09 265
0 1 1 0 0 0 0
2094 11 0
0 4.47 0.00 -52.01 0.00 23.39
1 4.70 0.00 -50.98 0.00 19.86
2 4.95 0.00 -54.08 0.00 7.43
3 13.22 0.00 40.99 0.00 27.32
4 13.37 0.00 40.99 0.00 25.77
5 16.33 0.00 18.94 0.00 17.70
6 16.70 0.01 18.60 0.00 11.39
7 17.09 0.00 8.61 0.00 18.68
8 17.33 0.00 6.89 0.00 20.21
9 22.78 0.01 -11.37 0.00 6.91
10 23.03 0.01 -11.37 0.00 2.17
frameEnd
frameHead left ak
2094 15 0
0 16.55 0.00 19.34 0.00 17.70
1 13.35 0.00 40.59 0.00 25.77
2 4.55 0.00 -51.18 0.00 19.86
3 17.49 0.04 6.19 0.00 18.68
4 13.22 0.00 41.22 0.00 27.32
5 17.34 0.00 6.23 0.00 20.21
6 14.98 -0.06 42.74 0.00 27.26
7 4.95 0.00 -54.08 0.00 7.43
8 16.41 0.03 18.46 0.00 11.39
9 4.67 0.00 -51.01 0.00 23.39
10 14.55 0.08 32.33 0.00 22.21
11 22.78 0.01 -11.07 0.00 6.91
12 17.12 0.00 7.68 0.00 18.52
13 23.03 0.01 -11.37 0.00 2.17
14 12.90 0.01 40.84 0.00 22.18
frameEnd
frameHead right bk
11 13 09 310
0 1 1 0 0 0 0
1548 28 0
0 1.44 0.00 -23.08 0.00 34.02
1 1.73 0.00 -19.29 0.00 30.70
2 3.71 0.00 -2.07 0.00 13.82
3 3.96 0.00 -2.76 0.00 10.00
4 4.21 0.00 -2.41 0.00 9.44
5 4.46 -0.01 -1.72 0.00 8.78
6 4.95 0.00 -39.27 0.00 13.67
7 5.20 0.00 -40.99 0.00 18.20
8 5.70 0.00 -38.92 0.00 22.35
9 6.05 0.00 -40.30 0.00 16.20
10 6.19 0.01 -36.51 0.00 15.47
11 6.69 0.00 -32.38 0.00 11.18
12 6.93 0.00 -29.97 0.00 9.79
13 7.18 -0.01 -32.72 0.00 10.09
14 7.69 0.00 -27.90 0.00 24.33
15 7.92 0.00 -27.21 0.00 22.59
16 8.65 0.00 -14.81 0.00 19.77
17 8.91 0.00 -14.81 0.00 20.11
18 9.16 0.00 -17.91 0.00 17.63
19 10.40 0.00 -24.80 0.00 12.08
20 10.90 0.00 -29.28 0.00 10.77
21 13.37 0.00 -28.59 0.00 11.34
22 13.59 0.00 -26.87 0.00 13.82
23 16.22 0.00 32.38 0.00 14.59
24 16.50 0.00 35.13 0.00 13.50
25 16.84 0.00 32.38 0.00 18.90
26 19.07 0.00 11.02 0.00 11.48
27 19.24 0.00 11.37 0.00 11.68
frameEnd
frameHead right ak
1548 40 0
0 5.31 0.02 -41.05 0.00 16.20
1 5.20 0.00 -40.97 0.00 18.20
2 6.27 0.00 -36.51 0.00 15.47
3 1.45 0.00 -23.79 0.00 34.02
4 4.21 0.00 -2.41 0.00 9.44
5 16.39 -0.03 32.17 0.00 14.59
6 3.82 0.00 -1.74 0.00 13.82
7 16.30 0.02 33.18 0.00 13.52
8 8.87 0.00 -15.16 0.00 20.11
9 1.73 0.00 -21.31 0.00 30.70
10 8.73 -0.01 -14.92 0.00 19.77
11 13.30 0.00 -26.64 0.00 13.82
12 3.84 0.00 -3.04 0.00 10.00
13 16.33 -0.02 33.82 0.00 11.56
14 4.29 0.00 -1.01 0.00 8.78
15 5.70 0.00 -38.93 0.00 22.35
16 4.95 0.00 -39.27 0.00 13.67
17 13.37 0.04 -25.49 0.00 13.45
18 11.81 -0.05 -23.82 0.00 4.47
19 16.69 -0.02 35.56 0.00 13.50
20 7.90 0.00 -26.85 0.00 22.59
21 11.60 -0.06 -24.66 0.00 12.08
22 9.16 0.00 -18.36 0.00 17.63
23 6.69 0.00 -32.38 0.00 11.18
24 10.19 0.00 -27.84 0.00 17.85
25 7.69 0.00 -27.79 0.00 24.33
26 12.12 0.08 -28.00 0.00 11.34
27 6.64 0.02 -34.26 0.00 10.09
28 15.11 0.00 55.33 0.00 22.83
29 11.39 0.01 -26.39 0.00 17.83
30 11.92 0.14 -34.15 0.00 2.03
31 6.93 0.00 -29.69 0.00 9.79
32 11.22 -0.08 -30.31 0.00 10.77
33 12.81 -0.09 -25.78 0.00 5.03
34 10.22 0.02 -37.84 0.00 16.63
35 10.18 0.01 -34.42 0.00 16.31
36 19.07 0.00 11.02 0.00 11.48
37 16.84 0.00 32.17 0.00 18.90
38 19.24 0.00 11.37 0.00 11.68
39 15.25 0.00 57.38 0.00 22.26
frameEnd
frameHead left bk
11 13 09 324
0 1 1 0 0 0 0
2095 13 0
0 4.47 0.00 -51.67 0.00 23.19
1 4.70 0.00 -51.67 0.00 19.89
2 4.95 0.00 -54.08 0.00 6.89
3 13.22 0.00 41.33 0.00 27.49
4 13.37 0.00 40.30 0.00 25.88
5 16.33 0.00 18.26 0.00 17.82
6 16.70 0.00 17.91 0.00 11.91
7 17.09 0.00 7.92 0.00 18.70
8 17.33 0.00 6.54 0.00 20.34
9 17.50 0.00 5.86 0.00 21.18
10 22.75 0.00 -17.22 0.00 9.19
11 23.03 0.00 -18.94 0.00 2.06
12 23.34 0.01 -18.94 0.00 -1.14
frameEnd
frameHead left ak
2095 16 0
0 16.56 0.01 18.81 0.00 11.91
1 13.35 0.00 40.57 0.00 25.88
2 4.55 0.00 -51.28 0.00 23.19
3 17.49 0.04 6.13 0.00 21.18
4 13.22 0.00 41.23 0.00 27.49
5 17.34 -0.01 6.27 0.00 20.34
6 14.98 -0.06 42.76 0.00 27.26
7 4.95 0.00 -54.08 0.00 6.89
8 16.39 0.02 18.37 0.00 17.82
9 22.75 0.00 -17.22 0.00 9.19
10 4.67 0.00 -51.29 0.00 19.89
11 14.55 0.13 31.66 0.00 22.21
12 23.03 0.00 -18.94 0.00 2.06
13 17.12 0.00 7.70 0.00 18.70
14 23.34 0.01 -18.94 0.00 -1.14
15 12.90 0.01 40.84 0.00 22.18
frameEnd
frameHead left bk
11 13 09 375
0 1 1 0 0 0 0
2096 11 0
0 3.47 -0.01 26.52 0.00 9.11
1 3.73 -0.01 34.44 0.00 5.04
2 4.47 0.00 -53.39 0.00 23.62
3 4.70 0.00 -53.04 0.00 20.15
4 4.95 -0.01 -57.18 0.00 5.33
5 13.22 0.00 40.99 0.00 27.17
6 13.37 0.00 40.30 0.00 25.56
7 15.35 0.00 45.12 0.00 17.42
8 15.60 0.01 41.68 0.00 12.49
9 17.50 0.00 4.82 0.00 21.14
10 17.83 0.00 5.17 0.00 16.24
frameEnd
frameHead left ak
2096 16 0
0 16.56 0.01 18.72 0.00 11.91
1 13.35 0.00 40.55 0.00 25.56
2 17.51 0.04 6.05 0.00 16.24
3 13.22 0.00 41.21 0.00 27.17
4 17.35 0.00 6.08 0.00 21.14
5 15.03 -0.02 42.58 0.00 12.49
6 4.71 0.00 -53.68 0.00 23.62
7 16.39 0.02 18.41 0.00 17.82
8 3.47 -0.01 26.52 0.00 9.11
9 4.67 0.00 -51.94 0.00 20.15
10 14.56 0.18 30.97 0.00 22.21
11 3.73 -0.01 34.44 0.00 5.04
12 17.12 0.00 7.67 0.00 18.70
13 4.95 -0.01 -57.18 0.00 5.33
14 15.35 0.00 45.12 0.00 17.42
15 12.90 0.01 40.84 0.00 22.18
frameEnd
frameHead right bk
11 13 09 389
0 1 1 0 0 0 0
1549 31 0
0 1.44 0.00 -23.77 0.00 34.12
1 1.73 0.00 -21.70 0.00 30.77
2 3.71 0.00 -0.69 0.00 14.12
3 3.96 0.00 -0.34 0.00 10.34
4 4.21 0.00 1.03 0.00 9.79
5 4.46 0.01 0.69 0.00 9.09
6 5.20 0.00 -42.02 0.00 18.32
7 5.48 0.00 -41.68 0.00 21.59
8 5.70 0.00 -39.96 0.00 21.69
9 6.19 -0.01 -36.51 0.00 16.22
10 6.38 0.00 -35.48 0.00 17.61
11 6.95 0.00 -31.69 0.00 10.22
12 7.18 0.00 -31.00 0.00 10.60
13 7.69 0.00 -27.90 0.00 24.08
14 7.92 0.00 -26.87 0.00 22.56
15 8.67 0.00 -15.16 0.00 20.01
16 8.91 0.00 -15.16 0.00 20.43
17 9.16 0.00 -18.60 0.00 18.38
18 9.87 0.00 -34.10 0.00 16.61
19 10.15 0.00 -30.31 0.00 17.15
20 10.40 0.00 -30.31 0.00 12.06
21 11.44 0.00 -26.87 0.00 16.37
22 11.64 0.00 -25.83 0.00 14.69
23 11.99 0.00 -23.77 0.00 3.15
24 15.10 0.00 55.11 0.00 22.44
25 15.24 0.00 57.52 0.00 21.85
26 16.10 0.00 32.03 0.00 10.62
27 16.25 0.00 33.07 0.00 14.52
28 16.51 0.01 36.51 0.00 12.91
29 19.07 0.00 12.40 0.00 12.40
30 19.24 0.00 11.02 0.00 12.85
frameEnd
frameHead right ak
1549 38 0
0 5.34 0.00 -41.35 0.00 21.59
1 6.26 -0.01 -36.58 0.00 16.22
2 1.45 0.00 -23.79 0.00 34.12
3 3.97 0.00 -0.24 0.00 10.34
4 16.37 -0.04 32.18 0.00 10.62
5 16.30 0.01 33.17 0.00 14.52
6 8.88 0.00 -15.16 0.00 20.43
7 1.73 0.00 -21.32 0.00 30.77
8 8.72 -0.01 -14.92 0.00 20.01
9 13.30 0.00 -26.64 0.00 13.82
10 4.21 0.00 1.03 0.00 9.79
11 16.33 -0.02 33.79 0.00 11.56
12 4.15 -0.01 -0.93 0.00 14.12
13 5.70 0.00 -39.50 0.00 21.69
14 4.46 0.01 0.69 0.00 9.09
15 13.37 0.04 -25.49 0.00 13.45
16 5.20 0.00 -42.02 0.00 18.32
17 11.82 -0.04 -23.84 0.00 3.15
18 16.67 -0.02 35.95 0.00 12.91
19 7.90 0.00 -26.81 0.00 22.56
20 11.59 -0.06 -24.49 0.00 12.08
21 9.16 0.00 -18.38 0.00 18.38
22 6.95 0.00 -31.73 0.00 10.22
23 10.19 0.00 -28.05 0.00 17.15
24 7.69 0.00 -27.83 0.00 24.08
25 12.12 0.08 -28.04 0.00 11.34
26 6.57 0.00 -34.70 0.00 17.61
27 15.11 0.00 55.31 0.00 22.44
28 11.39 0.01 -26.44 0.00 16.37
29 11.93 0.14 -34.48 0.00 2.03
30 6.99 0.01 -30.14 0.00 10.60
31 11.15 -0.10 -30.38 0.00 12.06
32 12.61 -0.19 -25.74 0.00 14.69
33 10.22 0.03 -38.42 0.00 16.63
34 10.14 -0.01 -34.56 0.00 16.61
35 19.24 0.00 11.02 0.00 12.85
36 19.07 0.00 12.24 0.00 12.40
37 15.25 0.00 57.37 0.00 21.85
frameEnd
frameHead left bk
11 13 09 422
0 1 1 0 0 0 0
2097 11 0
0 4.49 0.00 -52.01 0.00 23.26
1 4.70 0.00 -50.98 0.00 19.97
2 4.95 0.01 -54.42 0.00 7.48
3 12.88 0.00 40.99 0.00 22.00
4 13.22 0.00 41.33 0.00 27.40
5 13.37 0.00 40.64 0.00 25.61
6 17.09 0.00 7.92 0.00 18.40
7 17.33 0.00 6.20 0.00 20.29
8 17.49 0.00 5.51 0.00 21.04
9 22.73 0.00 -16.88 0.00 8.88
10 23.03 0.00 -17.91 0.00 5.22
frameEnd
frameHead left ak
2097 15 0
0 16.56 0.01 18.63 0.00 11.91
1 13.35 0.00 40.55 0.00 25.61
2 4.70 0.00 -50.98 0.00 19.97
3 17.51 0.04 5.97 0.00 21.04
4 13.22 0.00 41.22 0.00 27.40
5 17.34 0.00 6.09 0.00 20.29
6 15.03 -0.02 42.59 0.00 12.49
7 4.79 0.01 -54.00 0.00 7.48
8 16.40 0.02 18.44 0.00 17.82
9 22.73 0.00 -16.88 0.00 8.88
10 4.66 0.00 -52.12 0.00 23.26
11 14.57 0.23 30.27 0.00 22.21
12 23.03 0.00 -17.91 0.00 5.22
13 17.11 0.00 7.70 0.00 18.40
14 12.90 0.01 40.86 0.00 22.00
frameEnd
frameHead right bk
11 13 09 448
0 1 1 0 0 0 0
1550 30 0
0 1.44 0.00 -23.42 0.00 34.37
1 1.73 0.00 -21.36 0.00 31.00
2 3.71 0.00 -1.03 0.00 13.71
3 3.96 0.00 -1.03 0.00 10.22
4 4.21 0.00 0.00 0.00 10.87
5 4.46 0.00 2.07 0.00 10.89
6 5.20 0.00 -43.06 0.00 17.27
7 5.51 0.00 -41.68 0.00 21.07
8 5.70 0.00 -39.27 0.00 22.01
9 6.19 0.00 -36.86 0.00 15.80
10 6.38 0.00 -35.48 0.00 17.50
11 7.00 0.00 -31.34 0.00 9.01
12 7.18 -0.01 -32.38 0.00 9.63
13 7.43 0.00 -28.24 0.00 20.09
14 7.92 0.00 -27.56 0.00 23.06
15 8.20 0.00 -23.42 0.00 20.08
16 8.70 0.00 -14.12 0.00 19.63
17 8.91 0.00 -14.81 0.00 20.78
18 9.16 0.00 -19.63 0.00 19.30
19 9.90 0.00 -35.13 0.00 16.11
20 10.15 0.00 -28.59 0.00 16.75
21 11.14 0.00 -30.31 0.00 5.96
22 11.42 0.00 -28.24 0.00 17.89
23 11.64 0.00 -26.87 0.00 15.23
24 12.13 0.00 -26.87 0.00 7.86
25 12.33 0.00 -28.93 0.00 8.80
26 16.10 0.00 33.41 0.00 10.64
27 16.28 0.00 32.72 0.00 13.68
28 16.50 0.00 35.48 0.00 12.61
29 16.84 0.00 33.07 0.00 18.49
frameEnd
frameHead right ak
1550 38 0
0 3.71 0.00 -1.03 0.00 13.71
1 5.40 0.00 -41.58 0.00 21.07
2 6.25 -0.01 -36.76 0.00 15.80
3 1.45 0.00 -23.77 0.00 34.37
4 4.09 0.00 -0.07 0.00 10.87
5 16.37 -0.04 32.21 0.00 13.68
6 7.18 -0.01 -32.38 0.00 9.63
7 16.28 0.01 33.19 0.00 10.64
8 8.87 0.00 -15.12 0.00 19.63
9 1.73 0.00 -21.33 0.00 31.00
10 8.73 -0.01 -14.91 0.00 20.78
11 13.30 0.00 -26.63 0.00 13.82
12 4.46 0.00 2.00 0.00 10.89
13 16.38 0.00 33.64 0.00 18.49
14 4.11 -0.01 -1.07 0.00 10.22
15 5.70 0.00 -39.44 0.00 22.01
16 8.20 0.00 -23.42 0.00 20.08
17 13.37 0.04 -25.50 0.00 13.45
18 5.20 0.00 -43.04 0.00 17.27
19 11.82 -0.04 -23.83 0.00 3.15
20 16.66 -0.02 36.01 0.00 12.61
21 7.87 -0.01 -27.18 0.00 20.09
22 11.59 -0.05 -24.32 0.00 12.08
23 9.16 0.00 -18.57 0.00 19.30
24 6.97 0.00 -31.52 0.00 9.01
25 10.18 0.00 -28.10 0.00 16.75
26 7.73 0.01 -27.72 0.00 23.06
27 12.14 0.08 -28.15 0.00 8.80
28 6.53 0.00 -35.02 0.00 17.50
29 15.11 0.00 55.31 0.00 22.44
30 11.41 0.01 -26.47 0.00 15.23
31 11.94 0.15 -34.83 0.00 2.03
32 11.15 -0.09 -30.35 0.00 5.96
33 12.55 -0.18 -26.10 0.00 7.86
34 10.22 0.05 -39.04 0.00 16.63
35 10.11 -0.01 -35.07 0.00 16.11
36 11.42 0.00 -28.24 0.00 17.89
37 15.25 0.00 57.36 0.00 21.85
frameEnd
frameHead left bk
11 13 09 462
0 1 1 0 0 0 0
2098 9 0
0 4.47 0.00 -51.67 0.00 23.44
1 4.70 0.00 -50.63 0.00 19.73
2 12.88 0.00 40.99 0.00 21.88
3 13.22 0.00 41.68 0.00 26.95
4 13.37 0.00 40.99 0.00 25.63
5 17.09 0.00 8.61 0.00 18.41
6 17.33 0.00 6.54 0.00 20.48
7 19.86 0.00 37.89 0.00 20.61
8 20.55 0.00 39.61 0.00 4.67
frameEnd
frameHead left ak
2098 13 0
0 16.57 0.01 18.54 0.00 11.91
1 13.35 0.00 40.55 0.00 25.61
2 4.70 0.00 -50.64 0.00 19.73
3 17.51 0.04 5.95 0.00 21.04
4 13.23 0.00 41.20 0.00 25.63
5 17.34 -0.01 6.15 0.00 20.48
6 14.89 -0.10 42.49 0.00 26.95
7 16.40 0.02 18.47 0.00 17.82
8 19.86 0.00 37.89 0.00 20.61
9 4.65 0.00 -52.16 0.00 23.44
10 20.55 0.00 39.61 0.00 4.67
11 17.11 0.00 7.86 0.00 18.41
12 12.89 0.01 40.87 0.00 21.88
frameEnd
